"DESCRIPTION","DURATION IN MS","NAME","PARENT SUITE","START TIME","STATUS","STOP TIME","SUB SUITE","SUITE","TEST CLASS","TEST METHOD"
"","0","TemplateEngine - Should handle empty templates","@withstudiocms/template-lang Package Tests","Tue Dec 09 02:22:31 UTC 2025","passed","Tue Dec 09 02:22:31 UTC 2025","TemplateEngine - Should handle empty templates","TemplateEngine Tests","",""
"","8","sitemap-index.xml GET returns correct XML response with dynamic URLs","studiocms Package Tests","Tue Dec 09 02:22:58 UTC 2025","passed","Tue Dec 09 02:22:58 UTC 2025","GET tests","Dynamic Sitemap - sitemap-index.xml","",""
"","3","pluginLogger forks logger with correct label for id ""test-plugin""","@withstudiocms/internal_helpers Package Tests","Tue Dec 09 02:22:30 UTC 2025","passed","Tue Dec 09 02:22:30 UTC 2025","pluginLogger - id: test-plugin","Astro Integration Utility Tests","",""
"parses valid JSON string to object","5","jsonParse - parses valid JSON string to object","@withstudiocms/internal_helpers Package Tests","Tue Dec 09 02:22:33 UTC 2025","passed","Tue Dec 09 02:22:33 UTC 2025","jsonParse - parses valid JSON string to object","Utility Functions","",""
"","0","createURLGenFactory - Dashboard route without path","@withstudiocms/internal_helpers Package Tests","Tue Dec 09 02:23:18 UTC 2025","passed","Tue Dec 09 02:23:18 UTC 2025","createURLGenFactory - Dashboard route without path","createURLGenFactory Tests","",""
"","0","stripHtmlExtension removes .html extension","@withstudiocms/internal_helpers Package Tests","Tue Dec 09 02:22:42 UTC 2025","passed","Tue Dec 09 02:22:42 UTC 2025","stripHtmlExtension removes .html extension","Path Generators Tests","",""
"","16","parses markdown input correctly","studiocms Package Tests","Tue Dec 09 02:23:30 UTC 2025","passed","Tue Dec 09 02:23:30 UTC 2025","parses markdown input correctly","tinyMDParser Utility tests","",""
"","5","User Module - getUserPasswordHash fails if user not found","@withstudiocms/auth-kit Package Tests","Tue Dec 09 02:22:37 UTC 2025","passed","Tue Dec 09 02:22:37 UTC 2025","getUserPasswordHash Tests","User Module Tests","",""
"","3","should render MDX content with JSX components","@studiocms/mdx Package Tests","Tue Dec 09 02:22:39 UTC 2025","passed","Tue Dec 09 02:22:39 UTC 2025","MDX Rendering Tests","renderMDX Function Tests","",""
"","2","Schema test case #5 | Current Schema: FieldSchema","studiocms Package Tests","Tue Dec 09 02:22:58 UTC 2025","passed","Tue Dec 09 02:22:58 UTC 2025","Schema Tests","Plugins Schemas tests (Shared)","",""
"","1","validImage ""studiocms-blobs"" should have non-null light and dark properties","studiocms Package Tests","Tue Dec 09 02:23:21 UTC 2025","passed","Tue Dec 09 02:23:21 UTC 2025","validImages local image light/dark tests","validImages Virtual tests","",""
"","30","ComponentRegistry - getComponentProps - unregistered component","@withstudiocms/component-registry Package Tests","Tue Dec 09 02:22:34 UTC 2025","passed","Tue Dec 09 02:22:34 UTC 2025","getComponentProps Tests","Component Registry Tests","",""
"","0","fromCodePoint with input: 119558","@withstudiocms/component-registry Package Tests","Tue Dec 09 02:23:20 UTC 2025","passed","Tue Dec 09 02:23:20 UTC 2025","fromCodePoint Tests","Component Proxy Tests","",""
"","5","Response Helpers - OptionsResponse","@withstudiocms/effect Package Tests","Tue Dec 09 02:22:42 UTC 2025","passed","Tue Dec 09 02:22:42 UTC 2025","OptionsResponse Tests","Response Helpers Tests","",""
"","36","Integration Utils - Endpoint /file-watcher responds correctly","@withstudiocms/config-utils Package Tests","Tue Dec 09 02:23:25 UTC 2025","passed","Tue Dec 09 02:23:25 UTC 2025","Endpoint Tests","Integration Tests","",""
"","186","Kysely migrator can report current migration state","@withstudiocms/kysely Package Tests","Tue Dec 09 02:23:32 UTC 2025","passed","Tue Dec 09 02:23:32 UTC 2025","Kysely migrator can report current migration state","Migrator Core Functionality","",""
"","1","should transform serverUiTranslations to clientUiTranslations","studiocms Package Tests","Tue Dec 09 02:23:15 UTC 2025","passed","Tue Dec 09 02:23:15 UTC 2025","clientUiTranslations tests","i18n Config tests","",""
"","0","stripLeadingSlash removes leading slash","@withstudiocms/internal_helpers Package Tests","Tue Dec 09 02:22:42 UTC 2025","passed","Tue Dec 09 02:22:42 UTC 2025","stripLeadingSlash removes leading slash","Path Generators Tests","",""
"","1","generateContent throws for invalid config: {""policy"":[{""allow"":[""/""],""disallow"":[""/private""]}],""sitemap"":false,""host"":false}","studiocms Package Tests","Tue Dec 09 02:22:42 UTC 2025","passed","Tue Dec 09 02:22:42 UTC 2025","generateContent invalid config tests","Robots Core Utils","",""
"","0","Utility - convertUnderscoresToHyphens converts ""helloworld"" to ""helloworld""","@withstudiocms/component-registry Package Tests","Tue Dec 09 02:22:37 UTC 2025","passed","Tue Dec 09 02:22:37 UTC 2025","convertUnderscoresToHyphens Tests","Utility Tests","",""
"","1","validateUrl passes for valid sitemap url: http://example.com/sitemap.xml.gz","studiocms Package Tests","Tue Dec 09 02:22:42 UTC 2025","passed","Tue Dec 09 02:22:42 UTC 2025","validateUrl valid sitemap url tests","Robots Core Utils","",""
"","4","Schema Validation Test #1","@studiocms/html Package Tests","Tue Dec 09 02:23:19 UTC 2025","passed","Tue Dec 09 02:23:19 UTC 2025","Schema Validation Tests","HTMLSchema Type Tests","",""
"","11","authConfigSchema test case #1","studiocms Package Tests","Tue Dec 09 02:23:31 UTC 2025","passed","Tue Dec 09 02:23:31 UTC 2025","authConfigSchema tests","Config Schemas tests (Auth)","",""
"parses GitHub usernames in changelog markdown to links","12","loadChangelog - parses GitHub usernames to links","@withstudiocms/internal_helpers Package Tests","Tue Dec 09 02:22:33 UTC 2025","passed","Tue Dec 09 02:22:33 UTC 2025","loadChangelog - parses GitHub usernames to links","Utility Functions","",""
"","0","StatusSchema should validate value: ""draft""","@studiocms/devapps Package Tests","Tue Dec 09 02:22:32 UTC 2025","passed","Tue Dec 09 02:22:32 UTC 2025","StatusSchema Tests","WordPress API Schema Tests","",""
"","117","Password Module - verifyPasswordHash returns false for incorrect password","@withstudiocms/auth-kit Package Tests","Tue Dec 09 02:23:11 UTC 2025","passed","Tue Dec 09 02:23:11 UTC 2025","verifyPasswordHash Tests","Password Module Tests","",""
"","0","ensureHtmlExtension adds .html if missing","@withstudiocms/internal_helpers Package Tests","Tue Dec 09 02:22:42 UTC 2025","passed","Tue Dec 09 02:22:42 UTC 2025","ensureHtmlExtension adds .html if missing","Path Generators Tests","",""
"","5","Render with MDX content including JSX","@studiocms/mdx Package Tests","Tue Dec 09 02:23:17 UTC 2025","passed","Tue Dec 09 02:23:17 UTC 2025","Render Tests","MDX Editor Component Tests","",""
"","0","replaceCodePoint with input: 153","@withstudiocms/component-registry Package Tests","Tue Dec 09 02:23:20 UTC 2025","passed","Tue Dec 09 02:23:20 UTC 2025","replaceCodePoint Tests","Component Proxy Tests","",""
"","0","APIEndpointConfig - should create config for type: pages","@studiocms/devapps Package Tests","Tue Dec 09 02:22:39 UTC 2025","passed","Tue Dec 09 02:22:39 UTC 2025","APIEndpointConfig Tests","WordPress API Config Tests","",""
"","2","getLatestVersion - Handles fetch errors gracefully","@withstudiocms/internal_helpers Package Tests","Tue Dec 09 02:22:31 UTC 2025","passed","Tue Dec 09 02:22:31 UTC 2025","getLatestVersion - Handles fetch errors gracefully","Astro Integration Utility Tests","",""
"","0","Const: FAVICON_ASSETS.png.dark","studiocms Package Tests","Tue Dec 09 02:22:44 UTC 2025","passed","Tue Dec 09 02:22:44 UTC 2025","Const: FAVICON_ASSETS.png.dark","consts.ts tests","",""
"","6","Plugin Creation - Validates Plugin Structure and Options","@studiocms/md Package Tests","Tue Dec 09 02:22:46 UTC 2025","passed","Tue Dec 09 02:22:46 UTC 2025","Plugin Creation Tests","studiocmsMD Plugin Tests","",""
"","13","ComponentRegistry - validateProps - both missing and unknown props","@withstudiocms/component-registry Package Tests","Tue Dec 09 02:22:34 UTC 2025","passed","Tue Dec 09 02:22:34 UTC 2025","validateProps Tests","Component Registry Tests","",""
"","7","PluginTester initializes correctly","studiocms Package Tests","Tue Dec 09 02:22:50 UTC 2025","passed","Tue Dec 09 02:22:50 UTC 2025","PluginTester initializes correctly","StudioCMSPluginTester tests","",""
"","1","StudioCMSRoutes.mainLinks.userProfile should be defined","studiocms Package Tests","Tue Dec 09 02:23:00 UTC 2025","passed","Tue Dec 09 02:23:00 UTC 2025","StudioCMSRoutes.mainLinks.userProfile test","Route Map Virtual tests","",""
"","1","Password Utility - verifyPasswordLength - should return ""Password must be between 6 and 255 characters long."" for input ""aaaaaaaaaaaaaaaaaaaaaaaaaaaaaaaaaaaaaaaaaaaaaaaaaaaaaaaaaaaaaaaaaaaaaaaaaaaaaaaaaaaaaaaaaaaaaaaaaaaaaaaaaaaaaaaaaaaaaaaaaaaaaaaaaaaaaaaaaaaaaaaaaaaaaaaaaaaaaaaaaaaaaaaaaaaaaaaaaaaaaaaaaaaaaaaaaaaaaaaaaaaaaaaaaaaaaaaaaaaaaaaaaaaaaaaaaaaaaaaaaaaaaaaaaaaaaaaa""","@withstudiocms/auth-kit Package Tests","Tue Dec 09 02:22:57 UTC 2025","passed","Tue Dec 09 02:22:57 UTC 2025","verifyPasswordLength Tests","Password Utility Tests","",""
"","1","StudioCMSDevAppsSchema should parse config: {""endpoint"":""https://example.com"",""verbose"":true,""appsConfig"":{""libSQLViewer"":true,""wpImporter"":{""endpoint"":""https://example.com/wp-json/wp/v2""}}}","@studiocms/devapps Package Tests","Tue Dec 09 02:22:55 UTC 2025","passed","Tue Dec 09 02:22:55 UTC 2025","StudioCMSDevAppsSchema Tests","Schema Validation Tests","",""
"","6","robotsTXT integration returns correct definition","studiocms Package Tests","Tue Dec 09 02:23:35 UTC 2025","passed","Tue Dec 09 02:23:35 UTC 2025","robotsTXT integration definition test","Robots Integration","",""
"","0","APIEndpointConfig - should ensure config is defined","@studiocms/devapps Package Tests","Tue Dec 09 02:22:39 UTC 2025","passed","Tue Dec 09 02:22:39 UTC 2025","Configuration Validation Tests","WordPress API Config Tests","",""
"","2","StudioCMSError should create an error with the correct properties","studiocms Package Tests","Tue Dec 09 02:23:22 UTC 2025","passed","Tue Dec 09 02:23:22 UTC 2025","StudioCMSError tests","StudioCMS Error tests","",""
"","0","User Utility - getLevel","@withstudiocms/auth-kit Package Tests","Tue Dec 09 02:22:57 UTC 2025","passed","Tue Dec 09 02:22:57 UTC 2025","getLevel Tests","User Utility Tests","",""
"","0","Utility - convertHyphensToUnderscores converts ""---"" to ""___""","@withstudiocms/component-registry Package Tests","Tue Dec 09 02:22:37 UTC 2025","passed","Tue Dec 09 02:22:37 UTC 2025","convertHyphensToUnderscores Tests","Utility Tests","",""
"","0","Errors - prefixError - Handle errors without message property","@withstudiocms/component-registry Package Tests","Tue Dec 09 02:22:53 UTC 2025","passed","Tue Dec 09 02:22:53 UTC 2025","prefixError Tests","Error Tests","",""
"","0","SDKCacheSchema test case #3","studiocms Package Tests","Tue Dec 09 02:22:54 UTC 2025","passed","Tue Dec 09 02:22:54 UTC 2025","SDKCacheSchema tests","Config Schemas tests (SDK)","",""
"","1","MetaDataSchema should reject invalid inputs","@studiocms/devapps Package Tests","Tue Dec 09 02:22:32 UTC 2025","passed","Tue Dec 09 02:22:32 UTC 2025","MetaDataSchema Tests","WordPress API Schema Tests","",""
"","0","fileWithBase - Strips leading slash and prepends one","@withstudiocms/internal_helpers Package Tests","Tue Dec 09 02:22:42 UTC 2025","passed","Tue Dec 09 02:22:42 UTC 2025","fileWithBase - Strips leading slash and prepends one","Path Generators Tests","",""
"","1","toUpperKeyword correctly uppercases SQL keyword ""where""","@withstudiocms/kysely Package Tests","Tue Dec 09 02:22:48 UTC 2025","passed","Tue Dec 09 02:22:48 UTC 2025","toUpperKeyword Utility","Trigger Utilities","",""
"","1","Const: routesDir.authAPI","studiocms Package Tests","Tue Dec 09 02:22:44 UTC 2025","passed","Tue Dec 09 02:22:44 UTC 2025","Const: routesDir.authAPI","consts.ts tests","",""
"","1","v1RestRoute('likes') should return '/studiocms_api/rest/v1/likes'","studiocms Package Tests","Tue Dec 09 02:23:05 UTC 2025","passed","Tue Dec 09 02:23:05 UTC 2025","v1RestRoute test","Make API Route Virtual tests","",""
"","2","Encryption Module - decryptToString throws DecryptionError on invalid data","@withstudiocms/auth-kit Package Tests","Tue Dec 09 02:23:09 UTC 2025","passed","Tue Dec 09 02:23:09 UTC 2025","decryptToString Error Handling Tests","Encryption Module Tests","",""
"","3","renderMarkDoc with transformConfig configuration","@studiocms/markdoc Package Tests","Tue Dec 09 02:22:44 UTC 2025","passed","Tue Dec 09 02:22:44 UTC 2025","renderMarkDoc Function Tests","MarkDoc Render Library Tests","",""
"","4","Editor with complex content","@studiocms/markdoc Package Tests","Tue Dec 09 02:23:03 UTC 2025","passed","Tue Dec 09 02:23:03 UTC 2025","Editor Component Tests","Editor Component Tests","",""
"","1","PostFormatSchema should reject invalid value: ""null""","@studiocms/devapps Package Tests","Tue Dec 09 02:22:32 UTC 2025","passed","Tue Dec 09 02:22:32 UTC 2025","PostFormatSchema Tests","WordPress API Schema Tests","",""
"","1","generateContent throws for invalid config: {""policy"":[{""userAgent"":""*"",""allow"":[],""disallow"":[]}],""sitemap"":false,""host"":false}","studiocms Package Tests","Tue Dec 09 02:22:42 UTC 2025","passed","Tue Dec 09 02:22:42 UTC 2025","generateContent invalid config tests","Robots Core Utils","",""
"","14","ComponentRegistry - Integration Tests - multiple components workflow","@withstudiocms/component-registry Package Tests","Tue Dec 09 02:22:34 UTC 2025","passed","Tue Dec 09 02:22:34 UTC 2025","Integration Scenarios","Component Registry Tests","",""
"throws on unexpected structure","2","loadChangelog - throws on unexpected structure","@withstudiocms/internal_helpers Package Tests","Tue Dec 09 02:22:33 UTC 2025","passed","Tue Dec 09 02:22:33 UTC 2025","loadChangelog - throws on unexpected structure","Utility Functions","",""
"","1","TemplateParser - Should parse nested variables","@withstudiocms/template-lang Package Tests","Tue Dec 09 02:22:31 UTC 2025","passed","Tue Dec 09 02:22:31 UTC 2025","TemplateParser - Should parse nested variables","TemplateParser Tests","",""
"","34","Editor with props","@studiocms/markdoc Package Tests","Tue Dec 09 02:23:03 UTC 2025","passed","Tue Dec 09 02:23:03 UTC 2025","Editor Component Tests","Editor Component Tests","",""
"","1","StudioCMSRoutes.mainLinks.createPage should be defined","studiocms Package Tests","Tue Dec 09 02:23:00 UTC 2025","passed","Tue Dec 09 02:23:00 UTC 2025","StudioCMSRoutes.mainLinks.createPage test","Route Map Virtual tests","",""
"","3","developerConfigSchema test case #3","studiocms Package Tests","Tue Dec 09 02:23:29 UTC 2025","passed","Tue Dec 09 02:23:29 UTC 2025","developerConfigSchema tests","Config Schemas tests (Developer)","",""
"","0","Middleware - handlerFilter","@withstudiocms/effect Package Tests","Tue Dec 09 02:22:53 UTC 2025","passed","Tue Dec 09 02:22:53 UTC 2025","handlerFilter Tests","Middleware Utility Tests","",""
"","0","should have correct type and default for sitemap","@studiocms/blog Package Tests","Tue Dec 09 02:22:53 UTC 2025","passed","Tue Dec 09 02:22:53 UTC 2025","FrontEndConfigSchema Tests","Type Definitions Tests","",""
"","0","Schema Validation Test #2","@studiocms/html Package Tests","Tue Dec 09 02:23:19 UTC 2025","passed","Tue Dec 09 02:23:19 UTC 2025","Schema Validation Tests","HTMLSchema Type Tests","",""
"","37","Deepmerge - throws an error if the merge function throws","@withstudiocms/effect Package Tests","Tue Dec 09 02:23:02 UTC 2025","passed","Tue Dec 09 02:23:03 UTC 2025","deepmerge Effect Tests","Deepmerge Utility Tests","",""
"","57","ComponentRegistry - registerComponentFromFile - basic Astro file","@withstudiocms/component-registry Package Tests","Tue Dec 09 02:22:33 UTC 2025","passed","Tue Dec 09 02:22:34 UTC 2025","registerComponentFromFile Tests","Component Registry Tests","",""
"","1","Const: CMSMailerConfigId","studiocms Package Tests","Tue Dec 09 02:22:44 UTC 2025","passed","Tue Dec 09 02:22:44 UTC 2025","Const: CMSMailerConfigId","consts.ts tests","",""
"","5","should use default shared config","@studiocms/mdx Package Tests","Tue Dec 09 02:22:39 UTC 2025","passed","Tue Dec 09 02:22:39 UTC 2025","MDX Rendering Tests","renderMDX Function Tests","",""
"","1","developerConfigSchema invalid data test case #3","studiocms Package Tests","Tue Dec 09 02:23:29 UTC 2025","passed","Tue Dec 09 02:23:29 UTC 2025","developerConfigSchema tests","Config Schemas tests (Developer)","",""
"","1","Schema test case #9 | Current Schema: i18nLabelSchema","studiocms Package Tests","Tue Dec 09 02:22:58 UTC 2025","passed","Tue Dec 09 02:22:58 UTC 2025","Schema Tests","Plugins Schemas tests (Shared)","",""
"","0","Utility - integrationLogger does not log info/debug when verbose is false for logLevel debug","@withstudiocms/component-registry Package Tests","Tue Dec 09 02:22:37 UTC 2025","passed","Tue Dec 09 02:22:37 UTC 2025","integrationLogger Tests","Utility Tests","",""
"","0","PostFormatSchema should validate value: ""audio""","@studiocms/devapps Package Tests","Tue Dec 09 02:22:32 UTC 2025","passed","Tue Dec 09 02:22:32 UTC 2025","PostFormatSchema Tests","WordPress API Schema Tests","",""
"","1","resolveBuiltIns test case #3","studiocms Package Tests","Tue Dec 09 02:23:22 UTC 2025","passed","Tue Dec 09 02:23:22 UTC 2025","resolveBuiltIns tests","Integrations tests (Node Namespace Built-ins)","",""
"","1","QueryError is instance of TaggedError","@withstudiocms/kysely Package Tests","Tue Dec 09 02:23:30 UTC 2025","passed","Tue Dec 09 02:23:30 UTC 2025","QueryError","Error Classes","",""
"throws SyntaxError if file content is invalid JSON","1","readJson - throws SyntaxError if file content is invalid JSON","@withstudiocms/internal_helpers Package Tests","Tue Dec 09 02:22:33 UTC 2025","passed","Tue Dec 09 02:22:33 UTC 2025","readJson - throws SyntaxError if file content is invalid JSON","Utility Functions","",""
"","11","ComponentRegistry - validateProps - missing optional props","@withstudiocms/component-registry Package Tests","Tue Dec 09 02:22:34 UTC 2025","passed","Tue Dec 09 02:22:34 UTC 2025","validateProps Tests","Component Registry Tests","",""
"","3","Plugin Creation - Validates Error Handling for Invalid Options","@studiocms/html Package Tests","Tue Dec 09 02:22:43 UTC 2025","passed","Tue Dec 09 02:22:43 UTC 2025","Plugin Creation Error Handling Tests","studiocmsHTML Plugin Tests","",""
"","1","User Utility - parseRequiredPerms","@withstudiocms/auth-kit Package Tests","Tue Dec 09 02:22:57 UTC 2025","passed","Tue Dec 09 02:22:57 UTC 2025","parseRequiredPerms Tests","User Utility Tests","",""
"","1","validateUrl passes for valid sitemap url: https://example.com/sitemap.xml","studiocms Package Tests","Tue Dec 09 02:22:42 UTC 2025","passed","Tue Dec 09 02:22:42 UTC 2025","validateUrl valid sitemap url tests","Robots Core Utils","",""
"","3","Zod Utils - parseConfig Test","@withstudiocms/config-utils Package Tests","Tue Dec 09 02:23:00 UTC 2025","passed","Tue Dec 09 02:23:00 UTC 2025","parseConfig Tests","Zod Utility Tests","",""
"","1","should have correct type and default for injectRoutes","@studiocms/blog Package Tests","Tue Dec 09 02:22:53 UTC 2025","passed","Tue Dec 09 02:22:53 UTC 2025","FrontEndConfigSchema Tests","Type Definitions Tests","",""
"","0","firstUpperCase('WORLD') should return 'WORLD'","@studiocms/wysiwyg Package Tests","Tue Dec 09 02:23:09 UTC 2025","passed","Tue Dec 09 02:23:09 UTC 2025","firstUpperCase Function Tests","Utils Tests","",""
"returns empty string for empty input","0","convertToSafeString - returns empty string for empty input","@withstudiocms/internal_helpers Package Tests","Tue Dec 09 02:22:33 UTC 2025","passed","Tue Dec 09 02:22:33 UTC 2025","convertToSafeString - returns empty string for empty input","Utility Functions","",""
"","3","Errors - ComponentProxyError - Basic Properties","@withstudiocms/component-registry Package Tests","Tue Dec 09 02:22:53 UTC 2025","passed","Tue Dec 09 02:22:53 UTC 2025","ComponentProxyError Tests","Error Tests","",""
"","1","should generate Cloudinary URL for external HTTP image","@studiocms/cloudinary-image-service Package Tests","Tue Dec 09 02:22:35 UTC 2025","passed","Tue Dec 09 02:22:35 UTC 2025","Image URL Generation Tests","Cloudinary Image Service - Image URL Generation Tests","",""
"","1","Mocking globalThis","@studiocms/html Package Tests","Tue Dec 09 02:23:10 UTC 2025","passed","Tue Dec 09 02:23:10 UTC 2025","globalThis Mocking Tests","Shared Module Tests","",""
"","0","Utility - dedent correctly dedents input","@withstudiocms/component-registry Package Tests","Tue Dec 09 02:22:37 UTC 2025","passed","Tue Dec 09 02:22:37 UTC 2025","dedent Tests","Utility Tests","",""
"","2","TemplateRenderer - Strict mode throws error on missing variable","@withstudiocms/template-lang Package Tests","Tue Dec 09 02:22:31 UTC 2025","passed","Tue Dec 09 02:22:31 UTC 2025","TemplateRenderer - Strict mode throws error on missing variable","TemplateRenderer Tests","",""
"","1","withinLast30Days test case #3","studiocms Package Tests","Tue Dec 09 02:23:08 UTC 2025","passed","Tue Dec 09 02:23:08 UTC 2025","withinLast30Days test","Components Utils tests","",""
"","0","decodeHTML (edge cases) with input: &lt;&gt;&amp;","@withstudiocms/component-registry Package Tests","Tue Dec 09 02:22:47 UTC 2025","passed","Tue Dec 09 02:22:47 UTC 2025","decodeHTML (edge cases) Tests","Component Proxy Tests","",""
"","1","StudioCMSRoutes.mainLinks.contentManagementCreate should be defined","studiocms Package Tests","Tue Dec 09 02:23:00 UTC 2025","passed","Tue Dec 09 02:23:00 UTC 2025","StudioCMSRoutes.mainLinks.contentManagementCreate test","Route Map Virtual tests","",""
"","1","decodeHTML with input: A&#65;B","@withstudiocms/component-registry Package Tests","Tue Dec 09 02:22:47 UTC 2025","passed","Tue Dec 09 02:22:47 UTC 2025","decodeHTML Tests","Component Proxy Tests","",""
"","1","getLatestVersion - returns null and warns if fetch response is not ok","@withstudiocms/internal_helpers Package Tests","Tue Dec 09 02:22:31 UTC 2025","passed","Tue Dec 09 02:22:31 UTC 2025","getLatestVersion - returns null and warns if fetch response is not ok","Astro Integration Utility Tests","",""
"","1","WYSIWYGSchema Invalid Test Case #2","@studiocms/wysiwyg Package Tests","Tue Dec 09 02:23:07 UTC 2025","passed","Tue Dec 09 02:23:07 UTC 2025","WYSIWYGSchema Invalid Input Tests","WYSIWYG Types Tests","",""
"","0","WYSIWYGSchema Invalid Test Case #4","@studiocms/wysiwyg Package Tests","Tue Dec 09 02:23:07 UTC 2025","passed","Tue Dec 09 02:23:07 UTC 2025","WYSIWYGSchema Invalid Input Tests","WYSIWYG Types Tests","",""
"","1","ImportPostsEndpointConfig - should create config with useBlogPkg: false","@studiocms/devapps Package Tests","Tue Dec 09 02:22:39 UTC 2025","passed","Tue Dec 09 02:22:39 UTC 2025","ImportPostsEndpointConfig Tests","WordPress API Config Tests","",""
"","1","SDKSchema test case #4","studiocms Package Tests","Tue Dec 09 02:22:54 UTC 2025","passed","Tue Dec 09 02:22:54 UTC 2025","SDKSchema tests","Config Schemas tests (SDK)","",""
"","0","WYSIWYGSchema Invalid Test Case #3","@studiocms/wysiwyg Package Tests","Tue Dec 09 02:23:07 UTC 2025","passed","Tue Dec 09 02:23:07 UTC 2025","WYSIWYGSchema Invalid Input Tests","WYSIWYG Types Tests","",""
"","0","renderMarkDoc handles complex content","@studiocms/markdoc Package Tests","Tue Dec 09 02:22:44 UTC 2025","passed","Tue Dec 09 02:22:44 UTC 2025","renderMarkDoc Function Tests","MarkDoc Render Library Tests","",""
"","8","StudioCMSSanitizeOptionsSchema test case #1","studiocms Package Tests","Tue Dec 09 02:22:59 UTC 2025","passed","Tue Dec 09 02:22:59 UTC 2025","StudioCMSSanitizeOptionsSchema tests","Plugins Schemas tests","",""
"","0","WYSIWYGSchema Invalid Test Case #7","@studiocms/wysiwyg Package Tests","Tue Dec 09 02:23:07 UTC 2025","passed","Tue Dec 09 02:23:07 UTC 2025","WYSIWYGSchema Invalid Input Tests","WYSIWYG Types Tests","",""
"","1","restRoute('v1')('users') should return '/studiocms_api/rest/v1/users'","studiocms Package Tests","Tue Dec 09 02:23:05 UTC 2025","passed","Tue Dec 09 02:23:05 UTC 2025","restRoute test","Make API Route Virtual tests","",""
"returns correct export statement for valid input","1","pageContentComponentFilter - returns correct export statement for valid input","@withstudiocms/internal_helpers Package Tests","Tue Dec 09 02:22:33 UTC 2025","passed","Tue Dec 09 02:22:33 UTC 2025","pageContentComponentFilter - returns correct export statement for valid input","Utility Functions","",""
"","1","ProcessedSDKSchema test case #2","studiocms Package Tests","Tue Dec 09 02:22:54 UTC 2025","passed","Tue Dec 09 02:22:54 UTC 2025","ProcessedSDKSchema tests","Config Schemas tests (SDK)","",""
"","0","firstUpperCase('hELLO') should return 'HELLO'","@studiocms/wysiwyg Package Tests","Tue Dec 09 02:23:09 UTC 2025","passed","Tue Dec 09 02:23:09 UTC 2025","firstUpperCase Function Tests","Utils Tests","",""
"","1","Schema test case #13 | Current Schema: FinalDashboardBaseSchema","studiocms Package Tests","Tue Dec 09 02:22:58 UTC 2025","passed","Tue Dec 09 02:22:58 UTC 2025","Schema Tests","Plugins Schemas tests (Shared)","",""
"","7","Buildkit CLI - build command with --force-cjs","@withstudiocms/buildkit Package Tests","Tue Dec 09 02:22:54 UTC 2025","passed","Tue Dec 09 02:22:54 UTC 2025","Buildkit CLI - build command with --force-cjs","CLI Tests","",""
"","4","Schema test case #15 | Current Schema: FrontendNavigationLinksSchema","studiocms Package Tests","Tue Dec 09 02:22:58 UTC 2025","passed","Tue Dec 09 02:22:58 UTC 2025","Schema Tests","Plugins Schemas tests (Shared)","",""
"","0","stripLeadingSlash('/hello/world') should return 'hello/world'","@studiocms/devapps Package Tests","Tue Dec 09 02:22:54 UTC 2025","passed","Tue Dec 09 02:22:54 UTC 2025","stripLeadingSlash Tests","pathGenerator Utility Function Tests","",""
"","0","should handle multiple parent directory navigation","@withstudiocms/internal_helpers Package Tests","Tue Dec 09 02:22:42 UTC 2025","passed","Tue Dec 09 02:22:42 UTC 2025","should handle multiple parent directory navigation","Path Resolver Tests","",""
"","1","Plugin Hooks - Persists Custom Options to shared.htmlConfig","@studiocms/html Package Tests","Tue Dec 09 02:22:43 UTC 2025","passed","Tue Dec 09 02:22:43 UTC 2025","Plugin Hooks Custom Options Tests","studiocmsHTML Plugin Tests","",""
"","0","Utility - integrationLogger does not log info/debug when verbose is false for logLevel info","@withstudiocms/component-registry Package Tests","Tue Dec 09 02:22:37 UTC 2025","passed","Tue Dec 09 02:22:37 UTC 2025","integrationLogger Tests","Utility Tests","",""
"","0","ensureLeadingAndTrailingSlashes adds both slashes","@withstudiocms/internal_helpers Package Tests","Tue Dec 09 02:22:42 UTC 2025","passed","Tue Dec 09 02:22:42 UTC 2025","ensureLeadingAndTrailingSlashes adds both slashes","Path Generators Tests","",""
"","0","TemplateEngine - Should detect if template has no variables","@withstudiocms/template-lang Package Tests","Tue Dec 09 02:22:31 UTC 2025","passed","Tue Dec 09 02:22:31 UTC 2025","TemplateEngine - Should detect if template has no variables","TemplateEngine Tests","",""
"","15","ComponentRegistry - registerComponentFromFile - does not error on no props","@withstudiocms/component-registry Package Tests","Tue Dec 09 02:22:34 UTC 2025","passed","Tue Dec 09 02:22:34 UTC 2025","registerComponentFromFile Tests","Component Registry Tests","",""
"","1","User Module - isUserAllowed Tests","@withstudiocms/auth-kit Package Tests","Tue Dec 09 02:22:37 UTC 2025","passed","Tue Dec 09 02:22:37 UTC 2025","isUserAllowed Tests","User Module Tests","",""
"","4","getBlogRoute('my-post') should return '/blog/my-post'","@studiocms/blog Package Tests","Tue Dec 09 02:23:13 UTC 2025","passed","Tue Dec 09 02:23:13 UTC 2025","getBlogRoute Tests","remapFilter Utility Tests","",""
"","1","trimInput('null') should return 'undefined'","@studiocms/blog Package Tests","Tue Dec 09 02:23:09 UTC 2025","passed","Tue Dec 09 02:23:09 UTC 2025","trimInput Tests","Component Helper Tests","",""
"","0","Utility - integrationLogger does not log info/debug when verbose is false for logLevel error","@withstudiocms/component-registry Package Tests","Tue Dec 09 02:22:37 UTC 2025","passed","Tue Dec 09 02:22:37 UTC 2025","integrationLogger Tests","Utility Tests","",""
"","0","CategoryOrTagConfig - should create config with value: []","@studiocms/devapps Package Tests","Tue Dec 09 02:22:39 UTC 2025","passed","Tue Dec 09 02:22:39 UTC 2025","CategoryOrTagConfig Tests","WordPress API Config Tests","",""
"","2","Context Utils - readAPIContextFormData","@withstudiocms/effect Package Tests","Tue Dec 09 02:22:46 UTC 2025","passed","Tue Dec 09 02:22:46 UTC 2025","readAPIContextFormData Tests","Context Utils Tests","",""
"","1","generateSitemapContent returns correct sitemap lines for config.sitemap: ""https://site/sitemap.xml""","studiocms Package Tests","Tue Dec 09 02:22:42 UTC 2025","passed","Tue Dec 09 02:22:42 UTC 2025","generateSitemapContent tests","Robots Core Utils","",""
"","1","decode-data-xml - should contain the correct char codes","@withstudiocms/component-registry Package Tests","Tue Dec 09 02:23:27 UTC 2025","passed","Tue Dec 09 02:23:27 UTC 2025","decode-data-xml Tests","Component Proxy Tests","",""
"","7","parses markdown input correctly","studiocms Package Tests","Tue Dec 09 02:23:30 UTC 2025","passed","Tue Dec 09 02:23:30 UTC 2025","parses markdown input correctly","tinyMDParser Utility tests","",""
"","1","getUserPermissionLevel test case #2","studiocms Package Tests","Tue Dec 09 02:22:51 UTC 2025","passed","Tue Dec 09 02:22:51 UTC 2025","getUserPermissionLevel tests","Middleware Utils tests","",""
"","2","Deepmerge - Effect Service - merges nested objects deeply","@withstudiocms/effect Package Tests","Tue Dec 09 02:23:03 UTC 2025","passed","Tue Dec 09 02:23:03 UTC 2025","Deepmerge Effect Service Tests","Deepmerge Utility Tests","",""
"","0","decodeHTMLAttribute with input: foo &amp bar","@withstudiocms/component-registry Package Tests","Tue Dec 09 02:22:47 UTC 2025","passed","Tue Dec 09 02:22:47 UTC 2025","decodeHTMLAttribute Tests","Component Proxy Tests","",""
"","2","getUserPermissionLevel test case #3","studiocms Package Tests","Tue Dec 09 02:22:51 UTC 2025","passed","Tue Dec 09 02:22:51 UTC 2025","getUserPermissionLevel tests","Middleware Utils tests","",""
"","1","should handle URL paths","@studiocms/cloudinary-image-service Package Tests","Tue Dec 09 02:22:54 UTC 2025","passed","Tue Dec 09 02:22:54 UTC 2025","readJson Functionality Tests","readJson Utility Function Tests","",""
"","1","Default Template Engine tests - verifyEmail template","studiocms Package Tests","Tue Dec 09 02:23:26 UTC 2025","passed","Tue Dec 09 02:23:26 UTC 2025","Default Template Engine tests - verifyEmail template","Default Template Engine tests","",""
"","2","staticPaths generates correct paths","studiocms Package Tests","Tue Dec 09 02:22:59 UTC 2025","passed","Tue Dec 09 02:22:59 UTC 2025","staticPaths tests","i18n Server Virtuals tests","",""
"","1","getUserPermissionLevel test case #4","studiocms Package Tests","Tue Dec 09 02:22:51 UTC 2025","passed","Tue Dec 09 02:22:51 UTC 2025","getUserPermissionLevel tests","Middleware Utils tests","",""
"replaces non-alphanumeric with underscores and lowercases","0","convertToSafeString - replaces non-alphanumeric with underscores and lowercases","@withstudiocms/internal_helpers Package Tests","Tue Dec 09 02:22:33 UTC 2025","passed","Tue Dec 09 02:22:33 UTC 2025","convertToSafeString - replaces non-alphanumeric with underscores and lowercases","Utility Functions","",""
"","3","API Route - createEffectAPIRoute","@withstudiocms/effect Package Tests","Tue Dec 09 02:22:35 UTC 2025","passed","Tue Dec 09 02:22:35 UTC 2025","createEffectAPIRoute Tests","API Route Helpers Tests","",""
"","1","validateHost throws for invalid host: 123","studiocms Package Tests","Tue Dec 09 02:22:42 UTC 2025","passed","Tue Dec 09 02:22:42 UTC 2025","validateHost invalid host tests","Robots Core Utils","",""
"","1","verifyUserPermissionLevel('admin', 'admin') should return true","studiocms Package Tests","Tue Dec 09 02:23:37 UTC 2025","passed","Tue Dec 09 02:23:37 UTC 2025","verifyUserPermissionLevel('admin', 'admin') should return true","UserQuickTools Virtual Script tests","",""
"","4","Symbol Tests","@studiocms/html Package Tests","Tue Dec 09 02:23:10 UTC 2025","passed","Tue Dec 09 02:23:10 UTC 2025","Symbol Tests","Shared Module Tests","",""
"","1","measureExecutionTime test case #2","studiocms Package Tests","Tue Dec 09 02:23:18 UTC 2025","passed","Tue Dec 09 02:23:18 UTC 2025","measureExecutionTime test cases","Robots Utils","",""
"","0","User Utility - parseRequiredPerms","@withstudiocms/auth-kit Package Tests","Tue Dec 09 02:22:57 UTC 2025","passed","Tue Dec 09 02:22:57 UTC 2025","parseRequiredPerms Tests","User Utility Tests","",""
"","0","Errors - ComponentProxyError - Inherit from AstroError","@withstudiocms/component-registry Package Tests","Tue Dec 09 02:22:53 UTC 2025","passed","Tue Dec 09 02:22:53 UTC 2025","ComponentProxyError Tests","Error Tests","",""
"","0","should accept valid favicon extension: /favicon.svg","@studiocms/blog Package Tests","Tue Dec 09 02:22:53 UTC 2025","passed","Tue Dec 09 02:22:53 UTC 2025","FrontEndConfigSchema Favicon Tests","Type Definitions Tests","",""
"","3","Scrypt - ScryptError tests","@withstudiocms/effect Package Tests","Tue Dec 09 02:22:33 UTC 2025","passed","Tue Dec 09 02:22:33 UTC 2025","ScryptError Tests","Scrypt Service Tests","",""
"","5","Session Module - generateSessionToken returns a base32 string","@withstudiocms/auth-kit Package Tests","Tue Dec 09 02:22:46 UTC 2025","passed","Tue Dec 09 02:22:46 UTC 2025","generateSessionToken Tests","Session Module Tests","",""
"","0","Middleware - handlerFilter","@withstudiocms/effect Package Tests","Tue Dec 09 02:22:53 UTC 2025","passed","Tue Dec 09 02:22:53 UTC 2025","handlerFilter Tests","Middleware Utility Tests","",""
"","0","Utility - dedent correctly dedents input","@withstudiocms/component-registry Package Tests","Tue Dec 09 02:22:37 UTC 2025","passed","Tue Dec 09 02:22:37 UTC 2025","dedent Tests","Utility Tests","",""
"","1","resolveBuiltIns test case #4","studiocms Package Tests","Tue Dec 09 02:23:22 UTC 2025","passed","Tue Dec 09 02:23:22 UTC 2025","resolveBuiltIns tests","Integrations tests (Node Namespace Built-ins)","",""
"","3","calls fetch with correct arguments and shows success toast on register","studiocms Package Tests","Tue Dec 09 02:23:37 UTC 2025","passed","Tue Dec 09 02:23:37 UTC 2025","formListener register success test","Form Listener tests","",""
"","0","Utility - getIndent returns "" "" for input "" ""","@withstudiocms/component-registry Package Tests","Tue Dec 09 02:22:37 UTC 2025","passed","Tue Dec 09 02:22:37 UTC 2025","getIndent Tests","Utility Tests","",""
"","1","StudioCMSRoutes.authLinks.oAuthIndex should be defined","studiocms Package Tests","Tue Dec 09 02:23:00 UTC 2025","passed","Tue Dec 09 02:23:00 UTC 2025","StudioCMSRoutes.authLinks.oAuthIndex test","Route Map Virtual tests","",""
"","0","Utility - convertHyphensToUnderscores converts ""hello-world-test-case"" to ""hello_world_test_case""","@withstudiocms/component-registry Package Tests","Tue Dec 09 02:22:37 UTC 2025","passed","Tue Dec 09 02:22:37 UTC 2025","convertHyphensToUnderscores Tests","Utility Tests","",""
"","67","Password Module - hashPassword produces a secure password string","@withstudiocms/auth-kit Package Tests","Tue Dec 09 02:23:10 UTC 2025","passed","Tue Dec 09 02:23:10 UTC 2025","hashPassword Tests","Password Module Tests","",""
"","0","Middleware - matchFilterCheck","@withstudiocms/effect Package Tests","Tue Dec 09 02:22:53 UTC 2025","passed","Tue Dec 09 02:22:53 UTC 2025","matchFilterCheck Tests","Middleware Utility Tests","",""
"","0","remapFilterSitemap should return correct locations for filter 'blog'","@studiocms/blog Package Tests","Tue Dec 09 02:23:13 UTC 2025","passed","Tue Dec 09 02:23:13 UTC 2025","remapFilterSitemap Various Cases","remapFilter Utility Tests","",""
"","0","getHeroImage(' ', Astro) should return 'site-og.png'","@studiocms/blog Package Tests","Tue Dec 09 02:23:09 UTC 2025","passed","Tue Dec 09 02:23:09 UTC 2025","getHeroImage Tests","Component Helper Tests","",""
"","1","User Module - getUserPasswordHash returns the user password","@withstudiocms/auth-kit Package Tests","Tue Dec 09 02:22:37 UTC 2025","passed","Tue Dec 09 02:22:37 UTC 2025","getUserPasswordHash Tests","User Module Tests","",""
"","0","TemplateRenderer - Deep nested properties","@withstudiocms/template-lang Package Tests","Tue Dec 09 02:22:31 UTC 2025","passed","Tue Dec 09 02:22:31 UTC 2025","TemplateRenderer - Deep nested properties","TemplateRenderer Tests","",""
"","5","Buildkit CLI - help command","@withstudiocms/buildkit Package Tests","Tue Dec 09 02:23:03 UTC 2025","passed","Tue Dec 09 02:23:03 UTC 2025","Buildkit CLI - help command","CLI Tests","",""
"","1","getCookie should return correct cookie value","studiocms Package Tests","Tue Dec 09 02:23:07 UTC 2025","passed","Tue Dec 09 02:23:07 UTC 2025","getCookie tests","oAuthUtils tests","",""
"","17","Buildkit CLI - build command with --no-clean-dist","@withstudiocms/buildkit Package Tests","Tue Dec 09 02:22:54 UTC 2025","passed","Tue Dec 09 02:22:54 UTC 2025","Buildkit CLI - build command with --no-clean-dist","CLI Tests","",""
"","46","setLocals - throws error for unknown key","studiocms Package Tests","Tue Dec 09 02:22:51 UTC 2025","passed","Tue Dec 09 02:22:51 UTC 2025","setLocals tests - UNKNOWN KEY","Middleware Utils tests","",""
"","38","Encryption Module - decrypt throws DecryptionError on invalid data","@withstudiocms/auth-kit Package Tests","Tue Dec 09 02:23:09 UTC 2025","passed","Tue Dec 09 02:23:09 UTC 2025","decrypt Error Handling Tests","Encryption Module Tests","",""
"","0","stripTrailingSlash('hello/world/') should return 'hello/world'","@studiocms/devapps Package Tests","Tue Dec 09 02:22:54 UTC 2025","passed","Tue Dec 09 02:22:54 UTC 2025","stripTrailingSlash Tests","pathGenerator Utility Function Tests","",""
"","0","trimInput('undefined') should return 'undefined'","@studiocms/blog Package Tests","Tue Dec 09 02:23:09 UTC 2025","passed","Tue Dec 09 02:23:09 UTC 2025","trimInput Tests","Component Helper Tests","",""
"","0","Const: FAVICON_ASSETS.png.light","studiocms Package Tests","Tue Dec 09 02:22:44 UTC 2025","passed","Tue Dec 09 02:22:44 UTC 2025","Const: FAVICON_ASSETS.png.light","consts.ts tests","",""
"","0","should handle absolute path segments in resolve","@withstudiocms/internal_helpers Package Tests","Tue Dec 09 02:22:42 UTC 2025","passed","Tue Dec 09 02:22:42 UTC 2025","should handle absolute path segments in resolve","Path Resolver Tests","",""
"","1","AppsConfigSchema should reject invalid config: {""libSQLViewer"":""invalid"",""wpImporter"":true}","@studiocms/devapps Package Tests","Tue Dec 09 02:22:55 UTC 2025","passed","Tue Dec 09 02:22:55 UTC 2025","AppsConfigSchema Tests","Schema Validation Tests","",""
"","0","ensureLeadingSlash('hello/world') should return '/hello/world'","@studiocms/devapps Package Tests","Tue Dec 09 02:22:54 UTC 2025","passed","Tue Dec 09 02:22:54 UTC 2025","ensureLeadingSlash Tests","pathGenerator Utility Function Tests","",""
"","7","ValidateAuthCodeError","studiocms Package Tests","Tue Dec 09 02:23:07 UTC 2025","passed","Tue Dec 09 02:23:07 UTC 2025","ValidateAuthCodeError tests","oAuthUtils tests","",""
"","0","Middleware - sortByPriority","@withstudiocms/effect Package Tests","Tue Dec 09 02:22:53 UTC 2025","passed","Tue Dec 09 02:22:53 UTC 2025","sortByPriority Tests","Middleware Utility Tests","",""
"","1","dashboardConfigSchema invalid data test case #2","studiocms Package Tests","Tue Dec 09 02:23:20 UTC 2025","passed","Tue Dec 09 02:23:20 UTC 2025","dashboardConfigSchema tests","Config Schemas tests (Dashboard)","",""
"","7","Plugin Creation - Validates Plugin Structure and Options","@studiocms/mdx Package Tests","Tue Dec 09 02:22:53 UTC 2025","passed","Tue Dec 09 02:22:53 UTC 2025","Plugin Creation Tests","studiocmsMDX Plugin Tests","",""
"","0","Middleware - handlerFilter","@withstudiocms/effect Package Tests","Tue Dec 09 02:22:53 UTC 2025","passed","Tue Dec 09 02:22:53 UTC 2025","handlerFilter Tests","Middleware Utility Tests","",""
"","3","pageHeaderUpdater updates page header title","studiocms Package Tests","Tue Dec 09 02:23:37 UTC 2025","passed","Tue Dec 09 02:23:37 UTC 2025","pageHeaderUpdater tests","i18n Client Virtuals tests","",""
"","0","decodeHTML with input: Euro: &euro;","@withstudiocms/component-registry Package Tests","Tue Dec 09 02:22:47 UTC 2025","passed","Tue Dec 09 02:22:47 UTC 2025","decodeHTML Tests","Component Proxy Tests","",""
"","21","Scrypt - Integration Test: Complete Application Flow","@withstudiocms/effect Package Tests","Tue Dec 09 02:22:33 UTC 2025","passed","Tue Dec 09 02:22:33 UTC 2025","Integration Tests","Scrypt Service Tests","",""
"","0","createURLGenFactory - Non-dashboard route without path","@withstudiocms/internal_helpers Package Tests","Tue Dec 09 02:23:18 UTC 2025","passed","Tue Dec 09 02:23:18 UTC 2025","createURLGenFactory - Non-dashboard route without path","createURLGenFactory Tests","",""
"","2","dashboardConfigSchema invalid data test case #1","studiocms Package Tests","Tue Dec 09 02:23:20 UTC 2025","passed","Tue Dec 09 02:23:20 UTC 2025","dashboardConfigSchema tests","Config Schemas tests (Dashboard)","",""
"","1","verifyUserPermissionLevel('editor', 'admin') should return false","studiocms Package Tests","Tue Dec 09 02:23:37 UTC 2025","passed","Tue Dec 09 02:23:37 UTC 2025","verifyUserPermissionLevel('editor', 'admin') should return false","UserQuickTools Virtual Script tests","",""
"","0","Libravatar Utils - sanitizedTarget","@withstudiocms/auth-kit Package Tests","Tue Dec 09 02:22:44 UTC 2025","passed","Tue Dec 09 02:22:44 UTC 2025","sanitizedTarget Tests","Libravatar Utility Tests","",""
"","1","safeString test case #4","studiocms Package Tests","Tue Dec 09 02:23:29 UTC 2025","passed","Tue Dec 09 02:23:29 UTC 2025","safeString tests","Dynamic Sitemap Integration and Utils","",""
"","5","UserQuickTools custom element registration","studiocms Package Tests","Tue Dec 09 02:23:37 UTC 2025","passed","Tue Dec 09 02:23:37 UTC 2025","custom element registration","UserQuickTools Virtual Script tests","",""
"","1","getCurrentURLPath returns correct path for pathname ""/_server-islands"" and referer ""http://localhost/en/dashboard""","studiocms Package Tests","Tue Dec 09 02:22:59 UTC 2025","passed","Tue Dec 09 02:22:59 UTC 2025","getCurrentURLPath tests","i18n Server Virtuals tests","",""
"","2","User Utility - getDefaultUserSession","@withstudiocms/auth-kit Package Tests","Tue Dec 09 02:22:57 UTC 2025","passed","Tue Dec 09 02:22:57 UTC 2025","getDefaultUserSession Tests","User Utility Tests","",""
"","1","StatusSchema should reject invalid value: ""archived""","@studiocms/devapps Package Tests","Tue Dec 09 02:22:32 UTC 2025","passed","Tue Dec 09 02:22:32 UTC 2025","StatusSchema Tests","WordPress API Schema Tests","",""
"","3","Schema test case #3 | Current Schema: StudioCMSColorway","studiocms Package Tests","Tue Dec 09 02:22:58 UTC 2025","passed","Tue Dec 09 02:22:58 UTC 2025","Schema Tests","Plugins Schemas tests (Shared)","",""
"","1","should have a valid entry for image name: studiocms-curves","studiocms Package Tests","Tue Dec 09 02:23:21 UTC 2025","passed","Tue Dec 09 02:23:21 UTC 2025","validImages individual entry tests","validImages Virtual tests","",""
"","1","SDKSchema test case #1","studiocms Package Tests","Tue Dec 09 02:22:54 UTC 2025","passed","Tue Dec 09 02:22:54 UTC 2025","SDKSchema tests","Config Schemas tests (SDK)","",""
"","4","measureExecutionTime test case #1","studiocms Package Tests","Tue Dec 09 02:23:18 UTC 2025","passed","Tue Dec 09 02:23:18 UTC 2025","measureExecutionTime test cases","Robots Utils","",""
"","2","dynamicSitemap returns an AstroIntegration object","studiocms Package Tests","Tue Dec 09 02:23:29 UTC 2025","passed","Tue Dec 09 02:23:29 UTC 2025","dynamicSitemap integration object test","Dynamic Sitemap Integration and Utils","",""
"","0","Utility - dedent correctly dedents input","@withstudiocms/component-registry Package Tests","Tue Dec 09 02:22:37 UTC 2025","passed","Tue Dec 09 02:22:37 UTC 2025","dedent Tests","Utility Tests","",""
"","0","WYSIWYGSchema Invalid Test Case #6","@studiocms/wysiwyg Package Tests","Tue Dec 09 02:23:07 UTC 2025","passed","Tue Dec 09 02:23:07 UTC 2025","WYSIWYGSchema Invalid Input Tests","WYSIWYG Types Tests","",""
"","0","trimInput(' ') should return 'undefined'","@studiocms/blog Package Tests","Tue Dec 09 02:23:09 UTC 2025","passed","Tue Dec 09 02:23:09 UTC 2025","trimInput Tests","Component Helper Tests","",""
"","0","makePublicRoute('files/') should return 'public/studiocms-resources/files//'","studiocms Package Tests","Tue Dec 09 02:23:34 UTC 2025","passed","Tue Dec 09 02:23:34 UTC 2025","makePublicRoute test","Make Public Route Virtual tests","",""
"","1","Const: routesDir.v1Rest","studiocms Package Tests","Tue Dec 09 02:22:44 UTC 2025","passed","Tue Dec 09 02:22:44 UTC 2025","Const: routesDir.v1Rest","consts.ts tests","",""
"","0","firstUpperCase('') should return ''","@studiocms/wysiwyg Package Tests","Tue Dec 09 02:23:09 UTC 2025","passed","Tue Dec 09 02:23:09 UTC 2025","firstUpperCase Function Tests","Utils Tests","",""
"","0","ensureHtmlExtension adds .html if missing","@withstudiocms/internal_helpers Package Tests","Tue Dec 09 02:22:42 UTC 2025","passed","Tue Dec 09 02:22:42 UTC 2025","ensureHtmlExtension adds .html if missing","Path Generators Tests","",""
"","0","stripTrailingSlash removes trailing slash","@withstudiocms/internal_helpers Package Tests","Tue Dec 09 02:22:42 UTC 2025","passed","Tue Dec 09 02:22:42 UTC 2025","stripTrailingSlash removes trailing slash","Path Generators Tests","",""
"","0","buildVirtualImport Test Case","@withstudiocms/component-registry Package Tests","Tue Dec 09 02:23:09 UTC 2025","passed","Tue Dec 09 02:23:09 UTC 2025","buildVirtualImport Tests","Registry Constants Tests","",""
"","0","replaceCodePoint with input: 8364","@withstudiocms/component-registry Package Tests","Tue Dec 09 02:23:20 UTC 2025","passed","Tue Dec 09 02:23:20 UTC 2025","replaceCodePoint Tests","Component Proxy Tests","",""
"","0","Utility - dedent correctly dedents input","@withstudiocms/component-registry Package Tests","Tue Dec 09 02:22:37 UTC 2025","passed","Tue Dec 09 02:22:37 UTC 2025","dedent Tests","Utility Tests","",""
"","6","AuthKitOptions - merges session config with defaults","@withstudiocms/auth-kit Package Tests","Tue Dec 09 02:22:44 UTC 2025","passed","Tue Dec 09 02:22:44 UTC 2025","AuthKitOptions Tests","Config Tests","",""
"","0","Const: StudioCMSMarkdownDefaults.autoLinkHeadings","studiocms Package Tests","Tue Dec 09 02:22:44 UTC 2025","passed","Tue Dec 09 02:22:44 UTC 2025","Const: StudioCMSMarkdownDefaults.autoLinkHeadings","consts.ts tests","",""
"","0","Libravatar Utils - composeAvatarUrl with delegationServer=""custom.example.com:8080"" and https=false","@withstudiocms/auth-kit Package Tests","Tue Dec 09 02:22:44 UTC 2025","passed","Tue Dec 09 02:22:44 UTC 2025","composeAvatarUrl Tests","Libravatar Utility Tests","",""
"","2","WYSIWYGSchema Invalid Test Case #1","@studiocms/wysiwyg Package Tests","Tue Dec 09 02:23:07 UTC 2025","passed","Tue Dec 09 02:23:07 UTC 2025","WYSIWYGSchema Invalid Input Tests","WYSIWYG Types Tests","",""
"","4","HeadConfigSchema - Validates correct config","@withstudiocms/internal_helpers Package Tests","Tue Dec 09 02:22:39 UTC 2025","passed","Tue Dec 09 02:22:39 UTC 2025","HeadConfigSchema - Validates correct config","HeadConfigSchema Tests","",""
"","0","TemplateEngine - Should remove duplicate variable names","@withstudiocms/template-lang Package Tests","Tue Dec 09 02:22:31 UTC 2025","passed","Tue Dec 09 02:22:31 UTC 2025","TemplateEngine - Should remove duplicate variable names","TemplateEngine Tests","",""
"","1","Utility - integrationLogger logs at warn when verbose is true","@withstudiocms/component-registry Package Tests","Tue Dec 09 02:22:37 UTC 2025","passed","Tue Dec 09 02:22:37 UTC 2025","integrationLogger Tests","Utility Tests","",""
"","1","RenderedProtectData should reject data without required fields","@studiocms/devapps Package Tests","Tue Dec 09 02:22:32 UTC 2025","passed","Tue Dec 09 02:22:32 UTC 2025","RenderedProtectData Tests","WordPress API Schema Tests","",""
"","0","User Utility - getLevel","@withstudiocms/auth-kit Package Tests","Tue Dec 09 02:22:57 UTC 2025","passed","Tue Dec 09 02:22:57 UTC 2025","getLevel Tests","User Utility Tests","",""
"","0","should normalize paths correctly","@withstudiocms/internal_helpers Package Tests","Tue Dec 09 02:22:42 UTC 2025","passed","Tue Dec 09 02:22:42 UTC 2025","should normalize paths correctly","Path Resolver Tests","",""
"","1","getDeleteRoute - should return correct delete route","studiocms Package Tests","Tue Dec 09 02:23:00 UTC 2025","passed","Tue Dec 09 02:23:00 UTC 2025","getDeleteRoute test","Route Map Virtual tests","",""
"","0","stripLeadingSlash removes leading slash","@withstudiocms/internal_helpers Package Tests","Tue Dec 09 02:22:42 UTC 2025","passed","Tue Dec 09 02:22:42 UTC 2025","stripLeadingSlash removes leading slash","Path Generators Tests","",""
"","1","Schema Validation Test #3","@studiocms/html Package Tests","Tue Dec 09 02:23:19 UTC 2025","passed","Tue Dec 09 02:23:19 UTC 2025","Schema Validation Tests","HTMLSchema Type Tests","",""
"","1","useTranslatedPath returns path without lang prefix for English when showDefaultLang is false","studiocms Package Tests","Tue Dec 09 02:22:59 UTC 2025","passed","Tue Dec 09 02:22:59 UTC 2025","useTranslatedPath tests","i18n Server Virtuals tests","",""
"","0","StudioCMSDevAppsSchema should reject invalid config: {""verbose"":""invalid""}","@studiocms/devapps Package Tests","Tue Dec 09 02:22:55 UTC 2025","passed","Tue Dec 09 02:22:55 UTC 2025","StudioCMSDevAppsSchema Tests","Schema Validation Tests","",""
"","1","should include correct properties in serverUiTranslations","studiocms Package Tests","Tue Dec 09 02:23:15 UTC 2025","passed","Tue Dec 09 02:23:15 UTC 2025","serverUiTranslations tests","i18n Config tests","",""
"","2","Password Utility - breakSecurePassword parses correct format","@withstudiocms/auth-kit Package Tests","Tue Dec 09 02:22:57 UTC 2025","passed","Tue Dec 09 02:22:57 UTC 2025","breakSecurePassword Tests","Password Utility Tests","",""
"","0","Middleware - sortByPriority","@withstudiocms/effect Package Tests","Tue Dec 09 02:22:53 UTC 2025","passed","Tue Dec 09 02:22:53 UTC 2025","sortByPriority Tests","Middleware Utility Tests","",""
"","6","Config Loader - loadAndBundleConfigFile","@withstudiocms/config-utils Package Tests","Tue Dec 09 02:22:39 UTC 2025","passed","Tue Dec 09 02:22:39 UTC 2025","loadAndBundleConfigFile Tests","Config Loader Tests","",""
"","4","Utility - integrationLogger logs at info when verbose is true","@withstudiocms/component-registry Package Tests","Tue Dec 09 02:22:37 UTC 2025","passed","Tue Dec 09 02:22:37 UTC 2025","integrationLogger Tests","Utility Tests","",""
"","1","Const: makeDashboardRoute with root","studiocms Package Tests","Tue Dec 09 02:22:44 UTC 2025","passed","Tue Dec 09 02:22:44 UTC 2025","Const: makeDashboardRoute with root","consts.ts tests","",""
"","7","StudioCMSOptionsSchema - should parse empty config and apply defaults","studiocms Package Tests","Tue Dec 09 02:23:04 UTC 2025","passed","Tue Dec 09 02:23:04 UTC 2025","StudioCMSOptionsSchema tests","Config Schemas tests (Index)","",""
"","0","stripTrailingSlash('hello/world') should return 'hello/world'","@studiocms/devapps Package Tests","Tue Dec 09 02:22:54 UTC 2025","passed","Tue Dec 09 02:22:54 UTC 2025","stripTrailingSlash Tests","pathGenerator Utility Function Tests","",""
"","0","Utility - integrationLogger does not log info/debug when verbose is false for logLevel error","@withstudiocms/component-registry Package Tests","Tue Dec 09 02:22:37 UTC 2025","passed","Tue Dec 09 02:22:37 UTC 2025","integrationLogger Tests","Utility Tests","",""
"","0","TemplateRenderer - Handling undefined values","@withstudiocms/template-lang Package Tests","Tue Dec 09 02:22:31 UTC 2025","passed","Tue Dec 09 02:22:31 UTC 2025","TemplateRenderer - Handling undefined values","TemplateRenderer Tests","",""
"","0","PostFormatSchema should validate value: ""link""","@studiocms/devapps Package Tests","Tue Dec 09 02:22:32 UTC 2025","passed","Tue Dec 09 02:22:32 UTC 2025","PostFormatSchema Tests","WordPress API Schema Tests","",""
"","2","Schema test case #6 | Current Schema: FieldSchema","studiocms Package Tests","Tue Dec 09 02:22:58 UTC 2025","passed","Tue Dec 09 02:22:58 UTC 2025","Schema Tests","Plugins Schemas tests (Shared)","",""
"","9","Scrypt - Service Tests - Should work with scrypt parameters N:2048, r:8, p:1","@withstudiocms/effect Package Tests","Tue Dec 09 02:22:33 UTC 2025","passed","Tue Dec 09 02:22:33 UTC 2025","ScryptService Tests","Scrypt Service Tests","",""
"","0","DownloadImageConfig - should ensure config is defined","@studiocms/devapps Package Tests","Tue Dec 09 02:22:39 UTC 2025","passed","Tue Dec 09 02:22:39 UTC 2025","Configuration Validation Tests","WordPress API Config Tests","",""
"","2","Session Module - createUserSession creates session and sets cookie","@withstudiocms/auth-kit Package Tests","Tue Dec 09 02:22:46 UTC 2025","passed","Tue Dec 09 02:22:46 UTC 2025","createUserSession Tests","Session Module Tests","",""
"","3","Schema test case #4 | Current Schema: FieldSchema","studiocms Package Tests","Tue Dec 09 02:22:58 UTC 2025","passed","Tue Dec 09 02:22:58 UTC 2025","Schema Tests","Plugins Schemas tests (Shared)","",""
"","1","SiteSettings - should validate complete site settings data","@studiocms/devapps Package Tests","Tue Dec 09 02:22:32 UTC 2025","passed","Tue Dec 09 02:22:32 UTC 2025","SiteSettings Schema Tests","WordPress API Schema Tests","",""
"","0","stripLeadingSlash('hello/world') should return 'hello/world'","@studiocms/devapps Package Tests","Tue Dec 09 02:22:54 UTC 2025","passed","Tue Dec 09 02:22:54 UTC 2025","stripLeadingSlash Tests","pathGenerator Utility Function Tests","",""
"","5","produces an effect that dies with the correct error message for SqlError","@withstudiocms/kysely Package Tests","Tue Dec 09 02:23:34 UTC 2025","passed","Tue Dec 09 02:23:34 UTC 2025","handleCause Utility","Error Utilities","",""
"","3","Buildkit CLI - build command with --bundle","@withstudiocms/buildkit Package Tests","Tue Dec 09 02:22:54 UTC 2025","passed","Tue Dec 09 02:22:54 UTC 2025","Buildkit CLI - build command with --bundle","CLI Tests","",""
"","0","Const: AuthSessionCookieName","studiocms Package Tests","Tue Dec 09 02:22:44 UTC 2025","passed","Tue Dec 09 02:22:44 UTC 2025","Const: AuthSessionCookieName","consts.ts tests","",""
"","0","stripLeadingAndTrailingSlashes removes both","@withstudiocms/internal_helpers Package Tests","Tue Dec 09 02:22:42 UTC 2025","passed","Tue Dec 09 02:22:42 UTC 2025","stripLeadingAndTrailingSlashes removes both","Path Generators Tests","",""
"","1","should handle edge case dimensions: width=10000, height=10000","@studiocms/cloudinary-image-service Package Tests","Tue Dec 09 02:22:35 UTC 2025","passed","Tue Dec 09 02:22:35 UTC 2025","Image URL Generation Tests","Cloudinary Image Service - Image URL Generation Tests","",""
"","1","Const: routesDir.middleware","studiocms Package Tests","Tue Dec 09 02:22:44 UTC 2025","passed","Tue Dec 09 02:22:44 UTC 2025","Const: routesDir.middleware","consts.ts tests","",""
"","8","Editor with null content","@studiocms/markdoc Package Tests","Tue Dec 09 02:23:03 UTC 2025","passed","Tue Dec 09 02:23:03 UTC 2025","Editor Component Tests","Editor Component Tests","",""
"","1","debug does not log when verbose is false","@withstudiocms/internal_helpers Package Tests","Tue Dec 09 02:22:30 UTC 2025","passed","Tue Dec 09 02:22:30 UTC 2025","integrationLogger - debug method","Astro Integration Utility Tests","",""
"","2","TimeStringSchema invalid format test case #1","studiocms Package Tests","Tue Dec 09 02:22:54 UTC 2025","passed","Tue Dec 09 02:22:54 UTC 2025","TimeStringSchema tests","Config Schemas tests (SDK)","",""
"","3","WYSIWYG Editor Component Test Case #4","@studiocms/wysiwyg Package Tests","Tue Dec 09 02:23:24 UTC 2025","passed","Tue Dec 09 02:23:24 UTC 2025","WYSIWYG Editor Component Tests","StudioCMS WYSIWYG Plugin Tests","",""
"","12","KyselyTableManager creates tables with indexes and foreign keys","@withstudiocms/kysely Package Tests","Tue Dec 09 02:22:40 UTC 2025","passed","Tue Dec 09 02:22:40 UTC 2025","KyselyTableManager creates tables with indexes and foreign keys","Plugin Utilities","",""
"","2","should handle malformed MDX content","@studiocms/mdx Package Tests","Tue Dec 09 02:22:39 UTC 2025","passed","Tue Dec 09 02:22:39 UTC 2025","MDX Rendering Tests","renderMDX Function Tests","",""
"","4","setLocals - merges general values without overwriting security/plugins","studiocms Package Tests","Tue Dec 09 02:22:51 UTC 2025","passed","Tue Dec 09 02:22:51 UTC 2025","setLocals tests - GENERAL","Middleware Utils tests","",""
"","0","PostFormatSchema should validate value: ""quote""","@studiocms/devapps Package Tests","Tue Dec 09 02:22:32 UTC 2025","passed","Tue Dec 09 02:22:32 UTC 2025","PostFormatSchema Tests","WordPress API Schema Tests","",""
"","1","createURLGenFactory - Non-dashboard route with override","@withstudiocms/internal_helpers Package Tests","Tue Dec 09 02:23:18 UTC 2025","passed","Tue Dec 09 02:23:18 UTC 2025","createURLGenFactory - Non-dashboard route with override","createURLGenFactory Tests","",""
"","1","verifyUserPermissionLevel('visitor', 'visitor') should return true","studiocms Package Tests","Tue Dec 09 02:23:37 UTC 2025","passed","Tue Dec 09 02:23:37 UTC 2025","verifyUserPermissionLevel('visitor', 'visitor') should return true","UserQuickTools Virtual Script tests","",""
"","1","Const: versionCacheLifetime","studiocms Package Tests","Tue Dec 09 02:22:44 UTC 2025","passed","Tue Dec 09 02:22:44 UTC 2025","Const: versionCacheLifetime","consts.ts tests","",""
"","0","getBlogRoute('') should return '/blog/'","@studiocms/blog Package Tests","Tue Dec 09 02:23:13 UTC 2025","passed","Tue Dec 09 02:23:13 UTC 2025","getBlogRoute Tests","remapFilter Utility Tests","",""
"","0","should correctly parse custom config","@studiocms/blog Package Tests","Tue Dec 09 02:22:53 UTC 2025","passed","Tue Dec 09 02:22:53 UTC 2025","FrontEndConfigSchema Custom Config Tests","Type Definitions Tests","",""
"","0","replaceCodePoint with input: 1114112","@withstudiocms/component-registry Package Tests","Tue Dec 09 02:22:47 UTC 2025","passed","Tue Dec 09 02:22:47 UTC 2025","replaceCodePoint Tests","Component Proxy Tests","",""
"","1","StatusSchema should reject invalid value: ""undefined""","@studiocms/devapps Package Tests","Tue Dec 09 02:22:32 UTC 2025","passed","Tue Dec 09 02:22:32 UTC 2025","StatusSchema Tests","WordPress API Schema Tests","",""
"","2","Schema test case #12 | Current Schema: AvailableDashboardPagesSchema","studiocms Package Tests","Tue Dec 09 02:22:58 UTC 2025","passed","Tue Dec 09 02:22:58 UTC 2025","Schema Tests","Plugins Schemas tests (Shared)","",""
"","4","getSluggedRoute - should return correct slugged route","studiocms Package Tests","Tue Dec 09 02:23:00 UTC 2025","passed","Tue Dec 09 02:23:00 UTC 2025","getSluggedRoute test","Route Map Virtual tests","",""
"","1","GeneratedAlways columns are marked correctly","@withstudiocms/kysely Package Tests","Tue Dec 09 02:23:18 UTC 2025","passed","Tue Dec 09 02:23:18 UTC 2025","GeneratedAlways Columns","Schema Definitions","",""
"","0","Utility - dedent correctly dedents input","@withstudiocms/component-registry Package Tests","Tue Dec 09 02:22:37 UTC 2025","passed","Tue Dec 09 02:22:37 UTC 2025","dedent Tests","Utility Tests","",""
"","1","dashboardConfigSchema invalid data test case #3","studiocms Package Tests","Tue Dec 09 02:23:20 UTC 2025","passed","Tue Dec 09 02:23:20 UTC 2025","dashboardConfigSchema tests","Config Schemas tests (Dashboard)","",""
"","0","pathWithBase - Strips leading slash and prepends one","@withstudiocms/internal_helpers Package Tests","Tue Dec 09 02:22:42 UTC 2025","passed","Tue Dec 09 02:22:42 UTC 2025","pathWithBase - Strips leading slash and prepends one","Path Generators Tests","",""
"","0","Utility - integrationLogger does not log info/debug when verbose is false for logLevel debug","@withstudiocms/component-registry Package Tests","Tue Dec 09 02:22:37 UTC 2025","passed","Tue Dec 09 02:22:37 UTC 2025","integrationLogger Tests","Utility Tests","",""
"","13","ComponentRegistry - validateProps - unknown props","@withstudiocms/component-registry Package Tests","Tue Dec 09 02:22:34 UTC 2025","passed","Tue Dec 09 02:22:34 UTC 2025","validateProps Tests","Component Registry Tests","",""
"returns correct export statement for valid input","1","rendererComponentFilter - returns correct export statement for valid input","@withstudiocms/internal_helpers Package Tests","Tue Dec 09 02:22:33 UTC 2025","passed","Tue Dec 09 02:22:33 UTC 2025","rendererComponentFilter - returns correct export statement for valid input","Utility Functions","",""
"","3","UserQuickTools does not render menu if shouldSkipRendering returns true","studiocms Package Tests","Tue Dec 09 02:23:37 UTC 2025","passed","Tue Dec 09 02:23:37 UTC 2025","menu not rendered when shouldSkipRendering is true","UserQuickTools Virtual Script tests","",""
"","6","setLocals - merges security values without overwriting general/plugins","studiocms Package Tests","Tue Dec 09 02:22:51 UTC 2025","passed","Tue Dec 09 02:22:51 UTC 2025","setLocals tests - SECURITY","Middleware Utils tests","",""
"","0","isFaviconExt should return true for valid extension","@studiocms/blog Package Tests","Tue Dec 09 02:22:53 UTC 2025","passed","Tue Dec 09 02:22:53 UTC 2025","isFaviconExt Function Tests","Type Definitions Tests","",""
"","0","PostFormatSchema should validate value: ""status""","@studiocms/devapps Package Tests","Tue Dec 09 02:22:32 UTC 2025","passed","Tue Dec 09 02:22:32 UTC 2025","PostFormatSchema Tests","WordPress API Schema Tests","",""
"","116","User Module - createLocalUser returns a user object","@withstudiocms/auth-kit Package Tests","Tue Dec 09 02:22:37 UTC 2025","passed","Tue Dec 09 02:22:37 UTC 2025","createLocalUser Tests","User Module Tests","",""
"","0","ensureLeadingSlash adds slash if missing","@withstudiocms/internal_helpers Package Tests","Tue Dec 09 02:22:42 UTC 2025","passed","Tue Dec 09 02:22:42 UTC 2025","ensureLeadingSlash adds slash if missing","Path Generators Tests","",""
"","1","StudioCMSRoutes.authLinks.loginAPI should be defined","studiocms Package Tests","Tue Dec 09 02:23:00 UTC 2025","passed","Tue Dec 09 02:23:00 UTC 2025","StudioCMSRoutes.authLinks.loginAPI test","Route Map Virtual tests","",""
"","1","getLatestVersion - Fetches and updates cache if dev mode and cache is stale","@withstudiocms/internal_helpers Package Tests","Tue Dec 09 02:22:31 UTC 2025","passed","Tue Dec 09 02:22:31 UTC 2025","getLatestVersion - Fetches and updates cache if dev mode and cache is stale","Astro Integration Utility Tests","",""
"","1","ProcessedSDKSchema test case #1","studiocms Package Tests","Tue Dec 09 02:22:54 UTC 2025","passed","Tue Dec 09 02:22:54 UTC 2025","ProcessedSDKSchema tests","Config Schemas tests (SDK)","",""
"","16","KyselyTableManager can Create, drop, and recreate a table","@withstudiocms/kysely Package Tests","Tue Dec 09 02:22:40 UTC 2025","passed","Tue Dec 09 02:22:40 UTC 2025","KyselyTableManager can Create, drop, and recreate a table","Plugin Utilities","",""
"","9","AppsConfigSchema should parse config: {""libSQLViewer"":true,""wpImporter"":{""endpoint"":""https://example.com/wp-json/wp/v2""}}","@studiocms/devapps Package Tests","Tue Dec 09 02:22:55 UTC 2025","passed","Tue Dec 09 02:22:55 UTC 2025","AppsConfigSchema Tests","Schema Validation Tests","",""
"","0","ImportEndpointConfig - should ensure config is defined","@studiocms/devapps Package Tests","Tue Dec 09 02:22:39 UTC 2025","passed","Tue Dec 09 02:22:39 UTC 2025","Configuration Validation Tests","WordPress API Config Tests","",""
"","6","useTranslations returns correct translation for key ""title""","studiocms Package Tests","Tue Dec 09 02:22:59 UTC 2025","passed","Tue Dec 09 02:22:59 UTC 2025","useTranslations tests","i18n Server Virtuals tests","",""
"","4","StringConfig - should create config with correct structure","@studiocms/devapps Package Tests","Tue Dec 09 02:22:39 UTC 2025","passed","Tue Dec 09 02:22:39 UTC 2025","StringConfig Tests","WordPress API Config Tests","",""
"","0","Utility - getIndent returns "" "" for input "" hello world""","@withstudiocms/component-registry Package Tests","Tue Dec 09 02:22:37 UTC 2025","passed","Tue Dec 09 02:22:37 UTC 2025","getIndent Tests","Utility Tests","",""
"","1","buildVirtualConfig - should inject options into config stub","studiocms Package Tests","Tue Dec 09 02:22:49 UTC 2025","passed","Tue Dec 09 02:22:49 UTC 2025","buildVirtualConfig test","Virtual Module Utils tests","",""
"","2","Encryption Module - encryptToString and decryptToString roundtrip","@withstudiocms/auth-kit Package Tests","Tue Dec 09 02:23:09 UTC 2025","passed","Tue Dec 09 02:23:09 UTC 2025","encryptToString/decryptToString Tests","Encryption Module Tests","",""
"","0","should resolveURL with filesystem path base","@withstudiocms/internal_helpers Package Tests","Tue Dec 09 02:22:42 UTC 2025","passed","Tue Dec 09 02:22:42 UTC 2025","should resolveURL with filesystem path base","Path Resolver Tests","",""
"","4","cloudinaryImageService - should create plugin with correct configuration","@studiocms/cloudinary-image-service Package Tests","Tue Dec 09 02:22:47 UTC 2025","passed","Tue Dec 09 02:22:47 UTC 2025","Plugin Creation Tests","Cloudinary Image Service Plugin Tests","",""
"","25","Config Loader - loadConfigFile","@withstudiocms/config-utils Package Tests","Tue Dec 09 02:22:39 UTC 2025","passed","Tue Dec 09 02:22:39 UTC 2025","loadConfigFile Tests","Config Loader Tests","",""
"","0","getHeroImage('undefined', Astro) should return 'site-og.png'","@studiocms/blog Package Tests","Tue Dec 09 02:23:09 UTC 2025","passed","Tue Dec 09 02:23:09 UTC 2025","getHeroImage Tests","Component Helper Tests","",""
"","1","AuthKitOptions - throws if session.expTime is invalid","@withstudiocms/auth-kit Package Tests","Tue Dec 09 02:22:44 UTC 2025","passed","Tue Dec 09 02:22:44 UTC 2025","AuthKitOptions Tests","Config Tests","",""
"","6","verifyUserPermissionLevel('owner', 'owner') should return true","studiocms Package Tests","Tue Dec 09 02:23:37 UTC 2025","passed","Tue Dec 09 02:23:37 UTC 2025","verifyUserPermissionLevel('owner', 'owner') should return true","UserQuickTools Virtual Script tests","",""
"","0","firstUpperCase('wOrLd') should return 'WOrLd'","@studiocms/wysiwyg Package Tests","Tue Dec 09 02:23:09 UTC 2025","passed","Tue Dec 09 02:23:09 UTC 2025","firstUpperCase Function Tests","Utils Tests","",""
"","3","updateElmPlaceholder updates input placeholder","studiocms Package Tests","Tue Dec 09 02:23:37 UTC 2025","passed","Tue Dec 09 02:23:37 UTC 2025","updateElmPlaceholder tests","i18n Client Virtuals tests","",""
"","1","validImage should have ""custom"" image with format ""web""","studiocms Package Tests","Tue Dec 09 02:23:21 UTC 2025","passed","Tue Dec 09 02:23:21 UTC 2025","validImages custom image tests","validImages Virtual tests","",""
"","0","Middleware - matchFilterCheck","@withstudiocms/effect Package Tests","Tue Dec 09 02:22:53 UTC 2025","passed","Tue Dec 09 02:22:53 UTC 2025","matchFilterCheck Tests","Middleware Utility Tests","",""
"","4","pathWithBase - Strips leading slash and prepends one","@withstudiocms/internal_helpers Package Tests","Tue Dec 09 02:22:42 UTC 2025","passed","Tue Dec 09 02:22:42 UTC 2025","pathWithBase - Strips leading slash and prepends one","Path Generators Tests","",""
"","0","Default Values Test #1","@studiocms/html Package Tests","Tue Dec 09 02:23:19 UTC 2025","passed","Tue Dec 09 02:23:19 UTC 2025","Default Values Tests","HTMLSchema Type Tests","",""
"","0","should reject invalid favicon extension: /favicon.txt","@studiocms/blog Package Tests","Tue Dec 09 02:22:53 UTC 2025","passed","Tue Dec 09 02:22:53 UTC 2025","FrontEndConfigSchema Favicon Tests","Type Definitions Tests","",""
"","0","firstUpperCase('a') should return 'A'","@studiocms/wysiwyg Package Tests","Tue Dec 09 02:23:09 UTC 2025","passed","Tue Dec 09 02:23:09 UTC 2025","firstUpperCase Function Tests","Utils Tests","",""
"","1","toUpperKeyword correctly uppercases SQL keyword ""from""","@withstudiocms/kysely Package Tests","Tue Dec 09 02:22:48 UTC 2025","passed","Tue Dec 09 02:22:48 UTC 2025","toUpperKeyword Utility","Trigger Utilities","",""
"","0","Middleware - handlerFilter","@withstudiocms/effect Package Tests","Tue Dec 09 02:22:53 UTC 2025","passed","Tue Dec 09 02:22:53 UTC 2025","handlerFilter Tests","Middleware Utility Tests","",""
"","0","firstUpperCase('test') should return 'Test'","@studiocms/wysiwyg Package Tests","Tue Dec 09 02:23:09 UTC 2025","passed","Tue Dec 09 02:23:09 UTC 2025","firstUpperCase Function Tests","Utils Tests","",""
"","4","SMTPService - Should initialize with proxy config","@withstudiocms/effect Package Tests","Tue Dec 09 02:22:38 UTC 2025","passed","Tue Dec 09 02:22:38 UTC 2025","SMTPService Initialization Tests","SMTP Service Tests","",""
"","4","Password Utility - buildSecurePassword returns correct format","@withstudiocms/auth-kit Package Tests","Tue Dec 09 02:22:57 UTC 2025","passed","Tue Dec 09 02:22:57 UTC 2025","buildSecurePassword Tests","Password Utility Tests","",""
"","2","closeOnOutsideClock - should dispatch toggle-app event on outside click","@studiocms/devapps Package Tests","Tue Dec 09 02:22:48 UTC 2025","passed","Tue Dec 09 02:22:48 UTC 2025","closeOnOutsideClick Tests","app-utils Utility Function Tests","",""
"","0","Utility - getIndent returns """" for input ""hello world""","@withstudiocms/component-registry Package Tests","Tue Dec 09 02:22:37 UTC 2025","passed","Tue Dec 09 02:22:37 UTC 2025","getIndent Tests","Utility Tests","",""
"","0","should create resolver from absolute path","@withstudiocms/internal_helpers Package Tests","Tue Dec 09 02:22:42 UTC 2025","passed","Tue Dec 09 02:22:42 UTC 2025","should create resolver from absolute path","Path Resolver Tests","",""
"","1","Session Module - setSessionTokenCookie sets cookie on context","@withstudiocms/auth-kit Package Tests","Tue Dec 09 02:22:46 UTC 2025","passed","Tue Dec 09 02:22:46 UTC 2025","setSessionTokenCookie Tests","Session Module Tests","",""
"","1","validateUrl throws for invalid sitemap url: ftp://example.com/sitemap.xml","studiocms Package Tests","Tue Dec 09 02:22:42 UTC 2025","passed","Tue Dec 09 02:22:42 UTC 2025","validateUrl invalid sitemap url tests","Robots Core Utils","",""
"","1","ColumnType with Select: boolean, Insert: string, Update: string","@withstudiocms/kysely Package Tests","Tue Dec 09 02:23:18 UTC 2025","passed","Tue Dec 09 02:23:18 UTC 2025","ColumnType Variants","Schema Definitions","",""
"","0","renderMarkDoc with all configuration options","@studiocms/markdoc Package Tests","Tue Dec 09 02:22:44 UTC 2025","passed","Tue Dec 09 02:22:44 UTC 2025","renderMarkDoc Function Tests","MarkDoc Render Library Tests","",""
"","0","fileWithBase - Strips leading slash and prepends one","@withstudiocms/internal_helpers Package Tests","Tue Dec 09 02:22:42 UTC 2025","passed","Tue Dec 09 02:22:42 UTC 2025","fileWithBase - Strips leading slash and prepends one","Path Generators Tests","",""
"","1","StudioCMSRoutes.mainLinks.userManagementEdit should be defined","studiocms Package Tests","Tue Dec 09 02:23:00 UTC 2025","passed","Tue Dec 09 02:23:00 UTC 2025","StudioCMSRoutes.mainLinks.userManagementEdit test","Route Map Virtual tests","",""
"","0","TemplateEngine - Nested property access","@withstudiocms/template-lang Package Tests","Tue Dec 09 02:22:31 UTC 2025","passed","Tue Dec 09 02:22:31 UTC 2025","TemplateEngine - Nested property access","TemplateEngine Tests","",""
"","0","decodeHTML (edge cases) with input: plain text","@withstudiocms/component-registry Package Tests","Tue Dec 09 02:22:47 UTC 2025","passed","Tue Dec 09 02:22:47 UTC 2025","decodeHTML (edge cases) Tests","Component Proxy Tests","",""
"","5","should read and parse JSON file successfully","@studiocms/cloudinary-image-service Package Tests","Tue Dec 09 02:22:54 UTC 2025","passed","Tue Dec 09 02:22:54 UTC 2025","readJson Functionality Tests","readJson Utility Function Tests","",""
"","3","Plugin Hooks - Validates Hook Functionality","@studiocms/blog Package Tests","Tue Dec 09 02:23:01 UTC 2025","passed","Tue Dec 09 02:23:01 UTC 2025","Plugin Hooks Tests","Blog Plugin Tests","",""
"","0","Middleware - handlerFilter","@withstudiocms/effect Package Tests","Tue Dec 09 02:22:53 UTC 2025","passed","Tue Dec 09 02:22:53 UTC 2025","handlerFilter Tests","Middleware Utility Tests","",""
"","1","v1RestRoute('comments') should return '/studiocms_api/rest/v1/comments'","studiocms Package Tests","Tue Dec 09 02:23:05 UTC 2025","passed","Tue Dec 09 02:23:05 UTC 2025","v1RestRoute test","Make API Route Virtual tests","",""
"","0","isFaviconExt should return true for valid extension","@studiocms/blog Package Tests","Tue Dec 09 02:22:53 UTC 2025","passed","Tue Dec 09 02:22:53 UTC 2025","isFaviconExt Function Tests","Type Definitions Tests","",""
"","1","generateSitemapContent returns correct sitemap lines for config.sitemap: true","studiocms Package Tests","Tue Dec 09 02:22:42 UTC 2025","passed","Tue Dec 09 02:22:42 UTC 2025","generateSitemapContent tests","Robots Core Utils","",""
"","0","ImportPostsEndpointConfig - should ensure config is defined","@studiocms/devapps Package Tests","Tue Dec 09 02:22:39 UTC 2025","passed","Tue Dec 09 02:22:39 UTC 2025","Configuration Validation Tests","WordPress API Config Tests","",""
"","0","isFaviconExt should return true for valid extension","@studiocms/blog Package Tests","Tue Dec 09 02:22:53 UTC 2025","passed","Tue Dec 09 02:22:53 UTC 2025","isFaviconExt Function Tests","Type Definitions Tests","",""
"","0","isFaviconExt should return false for invalid extension","@studiocms/blog Package Tests","Tue Dec 09 02:22:53 UTC 2025","passed","Tue Dec 09 02:22:53 UTC 2025","isFaviconExt Function Tests","Type Definitions Tests","",""
"","10","getUserPermissionLevel test case #1","studiocms Package Tests","Tue Dec 09 02:22:51 UTC 2025","passed","Tue Dec 09 02:22:51 UTC 2025","getUserPermissionLevel tests","Middleware Utils tests","",""
"","0","fromCodePoint with input: 128512","@withstudiocms/component-registry Package Tests","Tue Dec 09 02:23:20 UTC 2025","passed","Tue Dec 09 02:23:20 UTC 2025","fromCodePoint Tests","Component Proxy Tests","",""
"","0","TransformHTML Sanitization Test Case","@withstudiocms/component-registry Package Tests","Tue Dec 09 02:22:52 UTC 2025","passed","Tue Dec 09 02:22:52 UTC 2025","transformHTML Sanitization Tests","TransformHTML Tests","",""
"","0","shouldSkipRendering('/_web-vitals') should return true","studiocms Package Tests","Tue Dec 09 02:23:37 UTC 2025","passed","Tue Dec 09 02:23:37 UTC 2025","shouldSkipRendering('/_web-vitals') should return true","UserQuickTools Virtual Script tests","",""
"","1","Page - should reject page data with missing required fields","@studiocms/devapps Package Tests","Tue Dec 09 02:22:32 UTC 2025","passed","Tue Dec 09 02:22:32 UTC 2025","Page Schema Tests","WordPress API Schema Tests","",""
"","9","Deepmerge - merges two simple objects","@withstudiocms/effect Package Tests","Tue Dec 09 02:23:02 UTC 2025","passed","Tue Dec 09 02:23:02 UTC 2025","deepmerge Effect Tests","Deepmerge Utility Tests","",""
"throws SyntaxError on invalid JSON","1","jsonParse - throws SyntaxError on invalid JSON","@withstudiocms/internal_helpers Package Tests","Tue Dec 09 02:22:33 UTC 2025","passed","Tue Dec 09 02:22:33 UTC 2025","jsonParse - throws SyntaxError on invalid JSON","Utility Functions","",""
"","0","replaceCodePoint with input: 136","@withstudiocms/component-registry Package Tests","Tue Dec 09 02:23:20 UTC 2025","passed","Tue Dec 09 02:23:20 UTC 2025","replaceCodePoint Tests","Component Proxy Tests","",""
"","13","detectRemovedTables identifies removed tables correctly","@withstudiocms/kysely Package Tests","Tue Dec 09 02:23:35 UTC 2025","passed","Tue Dec 09 02:23:35 UTC 2025","detectRemovedTables Utility","Table Utilities","",""
"","7","Zod Utils - parseConfig Test","@withstudiocms/config-utils Package Tests","Tue Dec 09 02:23:00 UTC 2025","passed","Tue Dec 09 02:23:00 UTC 2025","parseConfig Tests","Zod Utility Tests","",""
"","1","should resolveURL to return a file:// URL","@withstudiocms/internal_helpers Package Tests","Tue Dec 09 02:22:42 UTC 2025","passed","Tue Dec 09 02:22:42 UTC 2025","should resolveURL to return a file:// URL","Path Resolver Tests","",""
"","100","Scrypt - Service Tests - Should produce consistent results for same input","@withstudiocms/effect Package Tests","Tue Dec 09 02:22:33 UTC 2025","passed","Tue Dec 09 02:22:33 UTC 2025","ScryptService Tests","Scrypt Service Tests","",""
"","5","Plugin Hook Tests - Validates Hook Implementations","@studiocms/wysiwyg Package Tests","Tue Dec 09 02:23:06 UTC 2025","passed","Tue Dec 09 02:23:06 UTC 2025","Plugin Hook Tests","StudioCMS WYSIWYG Plugin Tests","",""
"","1","developerConfigSchema test case #2","studiocms Package Tests","Tue Dec 09 02:23:29 UTC 2025","passed","Tue Dec 09 02:23:29 UTC 2025","developerConfigSchema tests","Config Schemas tests (Developer)","",""
"","1","User Module - getUserData returns logged out session if no user","@withstudiocms/auth-kit Package Tests","Tue Dec 09 02:22:37 UTC 2025","passed","Tue Dec 09 02:22:37 UTC 2025","getUserData Tests","User Module Tests","",""
"","1","SafePluginListItemSchema test case #2","studiocms Package Tests","Tue Dec 09 02:22:59 UTC 2025","passed","Tue Dec 09 02:22:59 UTC 2025","SafePluginListItemSchema tests","Plugins Schemas tests","",""
"","0","WYSIWYGSchema Test Case #4","@studiocms/wysiwyg Package Tests","Tue Dec 09 02:23:07 UTC 2025","passed","Tue Dec 09 02:23:07 UTC 2025","WYSIWYGSchema Validation Tests","WYSIWYG Types Tests","",""
"","0","Utility - convertUnderscoresToHyphens converts ""___"" to ""---""","@withstudiocms/component-registry Package Tests","Tue Dec 09 02:22:37 UTC 2025","passed","Tue Dec 09 02:22:37 UTC 2025","convertUnderscoresToHyphens Tests","Utility Tests","",""
"","0","Utility - integrationLogger does not log info/debug when verbose is false for logLevel warn","@withstudiocms/component-registry Package Tests","Tue Dec 09 02:22:37 UTC 2025","passed","Tue Dec 09 02:22:37 UTC 2025","integrationLogger Tests","Utility Tests","",""
"","8","Virtual Components Container tests - Renderer component","studiocms Package Tests","Tue Dec 09 02:23:29 UTC 2025","passed","Tue Dec 09 02:23:29 UTC 2025","Virtual Components Container tests - Renderer component","Virtual Components Container tests","",""
"","0","parse('{""user"": {""name"": ""John"", ""address"": {""city"": ""NYC""}}}') should return expected object","@studiocms/wysiwyg Package Tests","Tue Dec 09 02:23:09 UTC 2025","passed","Tue Dec 09 02:23:09 UTC 2025","parse Function Tests","Utils Tests","",""
"","4","decode-data-html - htmlDecodeTree structure and content","@withstudiocms/component-registry Package Tests","Tue Dec 09 02:23:33 UTC 2025","passed","Tue Dec 09 02:23:33 UTC 2025","decode-data-html Tests","Component Proxy Tests","",""
"","6","Scrypt - Service Tests - Should fail with ScryptError for invalid inputs","@withstudiocms/effect Package Tests","Tue Dec 09 02:22:33 UTC 2025","passed","Tue Dec 09 02:22:33 UTC 2025","ScryptService Tests","Scrypt Service Tests","",""
"","0","Middleware - sortByPriority","@withstudiocms/effect Package Tests","Tue Dec 09 02:22:53 UTC 2025","passed","Tue Dec 09 02:22:53 UTC 2025","sortByPriority Tests","Middleware Utility Tests","",""
"","1","Const: NotificationSettingsDefaults.requireEditorVerification","studiocms Package Tests","Tue Dec 09 02:22:44 UTC 2025","passed","Tue Dec 09 02:22:44 UTC 2025","Const: NotificationSettingsDefaults.requireEditorVerification","consts.ts tests","",""
"","5","Plugin Creation - Validates Plugin Structure and Options","@studiocms/wysiwyg Package Tests","Tue Dec 09 02:23:06 UTC 2025","passed","Tue Dec 09 02:23:06 UTC 2025","Plugin Creation Tests","StudioCMS WYSIWYG Plugin Tests","",""
"","0","decodeCodePoint with input: 128512 (Deprecated)","@withstudiocms/component-registry Package Tests","Tue Dec 09 02:23:20 UTC 2025","passed","Tue Dec 09 02:23:20 UTC 2025","decodeCodePoint Tests (Deprecated)","Component Proxy Tests","",""
"","1","baseServerTranslations has property @studiocms/auth:login.title","studiocms Package Tests","Tue Dec 09 02:23:15 UTC 2025","passed","Tue Dec 09 02:23:15 UTC 2025","baseServerTranslations tests","i18n Config tests","",""
"","1","StudioCMSRoutes.mainLinks.contentManagementFolderCreate should be defined","studiocms Package Tests","Tue Dec 09 02:23:00 UTC 2025","passed","Tue Dec 09 02:23:00 UTC 2025","StudioCMSRoutes.mainLinks.contentManagementFolderCreate test","Route Map Virtual tests","",""
"","0","WYSIWYGSchema Test Case #7","@studiocms/wysiwyg Package Tests","Tue Dec 09 02:23:07 UTC 2025","passed","Tue Dec 09 02:23:07 UTC 2025","WYSIWYGSchema Validation Tests","WYSIWYG Types Tests","",""
"","0","parseCallouts returns correct value for opt: undefined","@studiocms/md Package Tests","Tue Dec 09 02:23:15 UTC 2025","passed","Tue Dec 09 02:23:15 UTC 2025","parseCallouts Tests","markdown-prerender Module Tests","",""
"","2","renderMarkDoc with react-static renderer","@studiocms/markdoc Package Tests","Tue Dec 09 02:22:44 UTC 2025","passed","Tue Dec 09 02:22:44 UTC 2025","renderMarkDoc Function Tests","MarkDoc Render Library Tests","",""
"","1","AppsConfigSchema should parse config: {""libSQLViewer"":false,""wpImporter"":true}","@studiocms/devapps Package Tests","Tue Dec 09 02:22:55 UTC 2025","passed","Tue Dec 09 02:22:55 UTC 2025","AppsConfigSchema Tests","Schema Validation Tests","",""
"","0","decodeHTMLStrict with input: foo &amp bar","@withstudiocms/component-registry Package Tests","Tue Dec 09 02:22:47 UTC 2025","passed","Tue Dec 09 02:22:47 UTC 2025","decodeHTMLStrict Tests","Component Proxy Tests","",""
"","0","TemplateRenderer - Missing variable with default empty string","@withstudiocms/template-lang Package Tests","Tue Dec 09 02:22:31 UTC 2025","passed","Tue Dec 09 02:22:31 UTC 2025","TemplateRenderer - Missing variable with default empty string","TemplateRenderer Tests","",""
"","2","Buildkit CLI - build command with no entry points","@withstudiocms/buildkit Package Tests","Tue Dec 09 02:23:03 UTC 2025","passed","Tue Dec 09 02:23:03 UTC 2025","Buildkit CLI - build command with no entry points","CLI Tests","",""
"","1","StudioCMSRoutes.mainLinks.contentManagementEdit should be defined","studiocms Package Tests","Tue Dec 09 02:23:00 UTC 2025","passed","Tue Dec 09 02:23:00 UTC 2025","StudioCMSRoutes.mainLinks.contentManagementEdit test","Route Map Virtual tests","",""
"","1","should throw error when JSON is invalid","@studiocms/cloudinary-image-service Package Tests","Tue Dec 09 02:22:54 UTC 2025","passed","Tue Dec 09 02:22:54 UTC 2025","readJson Functionality Tests","readJson Utility Function Tests","",""
"","1","validateHost throws for invalid host: invalid_host","studiocms Package Tests","Tue Dec 09 02:22:42 UTC 2025","passed","Tue Dec 09 02:22:42 UTC 2025","validateHost invalid host tests","Robots Core Utils","",""
"","1","Default Template Engine tests - userInvite template","studiocms Package Tests","Tue Dec 09 02:23:26 UTC 2025","passed","Tue Dec 09 02:23:26 UTC 2025","Default Template Engine tests - userInvite template","Default Template Engine tests","",""
"","10","renderMarkDoc with HTML renderer","@studiocms/markdoc Package Tests","Tue Dec 09 02:22:44 UTC 2025","passed","Tue Dec 09 02:22:44 UTC 2025","renderMarkDoc Function Tests","MarkDoc Render Library Tests","",""
"","0","stripLeadingAndTrailingSlashes removes both","@withstudiocms/internal_helpers Package Tests","Tue Dec 09 02:22:42 UTC 2025","passed","Tue Dec 09 02:22:42 UTC 2025","stripLeadingAndTrailingSlashes removes both","Path Generators Tests","",""
"","0","decodeHTMLAttribute with input: Tom &amp; Jerry","@withstudiocms/component-registry Package Tests","Tue Dec 09 02:22:47 UTC 2025","passed","Tue Dec 09 02:22:47 UTC 2025","decodeHTMLAttribute Tests","Component Proxy Tests","",""
"","1","safeString test case #5","studiocms Package Tests","Tue Dec 09 02:23:29 UTC 2025","passed","Tue Dec 09 02:23:29 UTC 2025","safeString tests","Dynamic Sitemap Integration and Utils","",""
"","0","should handle empty segments","@withstudiocms/internal_helpers Package Tests","Tue Dec 09 02:22:42 UTC 2025","passed","Tue Dec 09 02:22:42 UTC 2025","should handle empty segments","Path Resolver Tests","",""
"","1","toUpperKeyword correctly uppercases SQL keyword ""insert""","@withstudiocms/kysely Package Tests","Tue Dec 09 02:22:48 UTC 2025","passed","Tue Dec 09 02:22:48 UTC 2025","toUpperKeyword Utility","Trigger Utilities","",""
"","1","Should return original src when cloud name is empty string","@studiocms/cloudinary-image-service Package Tests","Tue Dec 09 02:22:35 UTC 2025","passed","Tue Dec 09 02:22:35 UTC 2025","Image URL Generation Tests","Cloudinary Image Service - Image URL Generation Tests","",""
"","5","makeAPIRoute('users')('profile') should return '/studiocms_api/users/profile'","studiocms Package Tests","Tue Dec 09 02:23:05 UTC 2025","passed","Tue Dec 09 02:23:05 UTC 2025","makeAPIRoute test","Make API Route Virtual tests","",""
"","4","Effect Utilities - runEffect rejects with error","@withstudiocms/effect Package Tests","Tue Dec 09 02:23:13 UTC 2025","passed","Tue Dec 09 02:23:13 UTC 2025","runEffect Tests","Effect Utility Tests","",""
"","1","getLatestVersion - Fetches latest version and returns it","@withstudiocms/internal_helpers Package Tests","Tue Dec 09 02:22:30 UTC 2025","passed","Tue Dec 09 02:22:30 UTC 2025","getLatestVersion - Fetches latest version and returns it","Astro Integration Utility Tests","",""
"","0","TemplateRenderer - Handling null values","@withstudiocms/template-lang Package Tests","Tue Dec 09 02:22:31 UTC 2025","passed","Tue Dec 09 02:22:31 UTC 2025","TemplateRenderer - Handling null values","TemplateRenderer Tests","",""
"","22","ComponentRegistry - validateProps - missing required props","@withstudiocms/component-registry Package Tests","Tue Dec 09 02:22:34 UTC 2025","passed","Tue Dec 09 02:22:34 UTC 2025","validateProps Tests","Component Registry Tests","",""
"","0","stripTrailingSlash('') should return ''","@studiocms/devapps Package Tests","Tue Dec 09 02:22:54 UTC 2025","passed","Tue Dec 09 02:22:54 UTC 2025","stripTrailingSlash Tests","pathGenerator Utility Function Tests","",""
"","0","decode - input: &copy;","@withstudiocms/component-registry Package Tests","Tue Dec 09 02:23:28 UTC 2025","passed","Tue Dec 09 02:23:28 UTC 2025","decode Tests","Component Proxy Tests","",""
"","2","OpenClosedSchema should reject invalid value: ""undefined""","@studiocms/devapps Package Tests","Tue Dec 09 02:22:32 UTC 2025","passed","Tue Dec 09 02:22:32 UTC 2025","OpenClosedSchema Tests","WordPress API Schema Tests","",""
"","1","PostFormatSchema should reject invalid value: ""undefined""","@studiocms/devapps Package Tests","Tue Dec 09 02:22:32 UTC 2025","passed","Tue Dec 09 02:22:32 UTC 2025","PostFormatSchema Tests","WordPress API Schema Tests","",""
"","3","TemplateParser - Should parse simple variable","@withstudiocms/template-lang Package Tests","Tue Dec 09 02:22:31 UTC 2025","passed","Tue Dec 09 02:22:31 UTC 2025","TemplateParser - Should parse simple variable","TemplateParser Tests","",""
"","0","TransformHTML Test Case","@withstudiocms/component-registry Package Tests","Tue Dec 09 02:22:52 UTC 2025","passed","Tue Dec 09 02:22:52 UTC 2025","transformHTML Tests","TransformHTML Tests","",""
"","0","stripTrailingSlash removes trailing slash","@withstudiocms/internal_helpers Package Tests","Tue Dec 09 02:22:42 UTC 2025","passed","Tue Dec 09 02:22:42 UTC 2025","stripTrailingSlash removes trailing slash","Path Generators Tests","",""
"","1","parseCallouts returns correct value for opt: false","@studiocms/md Package Tests","Tue Dec 09 02:23:15 UTC 2025","passed","Tue Dec 09 02:23:15 UTC 2025","parseCallouts Tests","markdown-prerender Module Tests","",""
"","1","Const: studioCMSSocials.github","studiocms Package Tests","Tue Dec 09 02:22:44 UTC 2025","passed","Tue Dec 09 02:22:44 UTC 2025","Const: studioCMSSocials.github","consts.ts tests","",""
"","2","StudioCMSDefaultRobotsConfig","studiocms Package Tests","Tue Dec 09 02:22:44 UTC 2025","passed","Tue Dec 09 02:22:44 UTC 2025","Function: StudioCMSDefaultRobotsConfig","consts.ts tests","",""
"","56","ComponentRegistry - registerComponentFromFile - non-existent file","@withstudiocms/component-registry Package Tests","Tue Dec 09 02:22:34 UTC 2025","passed","Tue Dec 09 02:22:34 UTC 2025","registerComponentFromFile Tests","Component Registry Tests","",""
"","0","ensureLeadingSlash adds slash if missing","@withstudiocms/internal_helpers Package Tests","Tue Dec 09 02:22:42 UTC 2025","passed","Tue Dec 09 02:22:42 UTC 2025","ensureLeadingSlash adds slash if missing","Path Generators Tests","",""
"","1","SafePluginListSchema test case #2","studiocms Package Tests","Tue Dec 09 02:22:59 UTC 2025","passed","Tue Dec 09 02:22:59 UTC 2025","SafePluginListSchema tests","Plugins Schemas tests","",""
"","4","Plugin Hooks - Validates Hook Functionality","@studiocms/github Package Tests","Tue Dec 09 02:23:05 UTC 2025","passed","Tue Dec 09 02:23:05 UTC 2025","Plugin Hooks Tests","GitHub Plugin Tests","",""
"","0","parse('""hello""') should return expected object","@studiocms/wysiwyg Package Tests","Tue Dec 09 02:23:09 UTC 2025","passed","Tue Dec 09 02:23:09 UTC 2025","parse Function Tests","Utils Tests","",""
"","0","Libravatar Utils - parseUserIdentity with input {""openid"":""not a url""}","@withstudiocms/auth-kit Package Tests","Tue Dec 09 02:22:44 UTC 2025","passed","Tue Dec 09 02:22:44 UTC 2025","parseUserIdentity Tests","Libravatar Utility Tests","",""
"","8","makeTranslation - updates text content when translation changes","studiocms Package Tests","Tue Dec 09 02:23:37 UTC 2025","passed","Tue Dec 09 02:23:37 UTC 2025","makeTranslation tests","i18n Client Virtuals tests","",""
"","2","getHookResults runs astro:config hook correctly","studiocms Package Tests","Tue Dec 09 02:22:50 UTC 2025","passed","Tue Dec 09 02:22:50 UTC 2025","getHookResults runs astro:config hook correctly","StudioCMSPluginTester tests","",""
"","3","Deepmerge - Effect Service - throws an error if the service merge function throws","@withstudiocms/effect Package Tests","Tue Dec 09 02:23:03 UTC 2025","passed","Tue Dec 09 02:23:03 UTC 2025","Deepmerge Effect Service Tests","Deepmerge Utility Tests","",""
"","1","safeString test case #6","studiocms Package Tests","Tue Dec 09 02:23:29 UTC 2025","passed","Tue Dec 09 02:23:29 UTC 2025","safeString tests","Dynamic Sitemap Integration and Utils","",""
"","1","should reject invalid favicon extension: /favicon.bmp","@studiocms/blog Package Tests","Tue Dec 09 02:22:53 UTC 2025","passed","Tue Dec 09 02:22:53 UTC 2025","FrontEndConfigSchema Favicon Tests","Type Definitions Tests","",""
"","16","Layout Container tests - AuthLayout component","studiocms Package Tests","Tue Dec 09 02:23:33 UTC 2025","passed","Tue Dec 09 02:23:33 UTC 2025","Layout Container tests - AuthLayout component","Layout Container tests","",""
"","3","Libravatar Utils - parseUserIdentity with input {""email"":""user@example.com""}","@withstudiocms/auth-kit Package Tests","Tue Dec 09 02:22:44 UTC 2025","passed","Tue Dec 09 02:22:44 UTC 2025","parseUserIdentity Tests","Libravatar Utility Tests","",""
"","4","createComponentProxy with input: {}","@withstudiocms/component-registry Package Tests","Tue Dec 09 02:22:56 UTC 2025","passed","Tue Dec 09 02:22:56 UTC 2025","createComponentProxy Tests","Component Proxy Tests","",""
"","1","toUpperKeyword correctly uppercases SQL keyword ""join""","@withstudiocms/kysely Package Tests","Tue Dec 09 02:22:48 UTC 2025","passed","Tue Dec 09 02:22:48 UTC 2025","toUpperKeyword Utility","Trigger Utilities","",""
"","8","Schema test case #1 | Current Schema: StudioCMSColorway","studiocms Package Tests","Tue Dec 09 02:22:58 UTC 2025","passed","Tue Dec 09 02:22:58 UTC 2025","Schema Tests","Plugins Schemas tests (Shared)","",""
"","0","decodeHTML with input: A&#x41;B","@withstudiocms/component-registry Package Tests","Tue Dec 09 02:22:47 UTC 2025","passed","Tue Dec 09 02:22:47 UTC 2025","decodeHTML Tests","Component Proxy Tests","",""
"","11","should render simple MDX content","@studiocms/mdx Package Tests","Tue Dec 09 02:22:39 UTC 2025","passed","Tue Dec 09 02:22:39 UTC 2025","MDX Rendering Tests","renderMDX Function Tests","",""
"","0","WYSIWYGSchema Invalid Test Case #5","@studiocms/wysiwyg Package Tests","Tue Dec 09 02:23:07 UTC 2025","passed","Tue Dec 09 02:23:07 UTC 2025","WYSIWYGSchema Invalid Input Tests","WYSIWYG Types Tests","",""
"","0","Middleware - sortByPriority","@withstudiocms/effect Package Tests","Tue Dec 09 02:22:53 UTC 2025","passed","Tue Dec 09 02:22:53 UTC 2025","sortByPriority Tests","Middleware Utility Tests","",""
"","0","fileWithBase - Strips leading slash and prepends one","@withstudiocms/internal_helpers Package Tests","Tue Dec 09 02:22:42 UTC 2025","passed","Tue Dec 09 02:22:42 UTC 2025","fileWithBase - Strips leading slash and prepends one","Path Generators Tests","",""
"","1","createWindowElement should create window element with correct properties","@studiocms/devapps Package Tests","Tue Dec 09 02:22:48 UTC 2025","passed","Tue Dec 09 02:22:48 UTC 2025","createWindowElement Tests","app-utils Utility Function Tests","",""
"","3","Navigation renders correctly","@studiocms/blog Package Tests","Tue Dec 09 02:22:41 UTC 2025","passed","Tue Dec 09 02:22:41 UTC 2025","Navigation Component Tests","Component Tests","",""
"","0","should handle paths with special characters","@withstudiocms/internal_helpers Package Tests","Tue Dec 09 02:22:42 UTC 2025","passed","Tue Dec 09 02:22:42 UTC 2025","should handle paths with special characters","Path Resolver Tests","",""
"","1","generateContent generates valid robots.txt content","studiocms Package Tests","Tue Dec 09 02:22:42 UTC 2025","passed","Tue Dec 09 02:22:42 UTC 2025","generateContent valid config test","Robots Core Utils","",""
"","0","Errors - toComponentProxyError - Basic Functionality","@withstudiocms/component-registry Package Tests","Tue Dec 09 02:22:53 UTC 2025","passed","Tue Dec 09 02:22:53 UTC 2025","toComponentProxyError Tests","Error Tests","",""
"","0","Utility - convertUnderscoresToHyphens converts ""hello_world"" to ""hello-world""","@withstudiocms/component-registry Package Tests","Tue Dec 09 02:22:37 UTC 2025","passed","Tue Dec 09 02:22:37 UTC 2025","convertUnderscoresToHyphens Tests","Utility Tests","",""
"","2839","Launch dev server and verify config","@withstudiocms/component-registry Package Tests","Tue Dec 09 02:23:18 UTC 2025","passed","Tue Dec 09 02:23:20 UTC 2025","Dev Server Tests","Astro Integration Tests","",""
"","168","SMTPService - Verify Transport with Invalid Config","@withstudiocms/effect Package Tests","Tue Dec 09 02:22:39 UTC 2025","passed","Tue Dec 09 02:22:39 UTC 2025","SMTPService Transport Verification Tests","SMTP Service Tests","",""
"","1","getLatestVersion - does not warn if cache read error is ENOENT","@withstudiocms/internal_helpers Package Tests","Tue Dec 09 02:22:31 UTC 2025","passed","Tue Dec 09 02:22:31 UTC 2025","getLatestVersion - does not warn if cache read error is ENOENT","Astro Integration Utility Tests","",""
"","3","firstUpperCase('hello') should return 'Hello'","@studiocms/wysiwyg Package Tests","Tue Dec 09 02:23:09 UTC 2025","passed","Tue Dec 09 02:23:09 UTC 2025","firstUpperCase Function Tests","Utils Tests","",""
"","5","Scrypt - Service Tests - Should work with key length: 32","@withstudiocms/effect Package Tests","Tue Dec 09 02:22:33 UTC 2025","passed","Tue Dec 09 02:22:33 UTC 2025","ScryptService Tests","Scrypt Service Tests","",""
"","1","Const: makeDashboardRoute","studiocms Package Tests","Tue Dec 09 02:22:44 UTC 2025","passed","Tue Dec 09 02:22:44 UTC 2025","Const: makeDashboardRoute","consts.ts tests","",""
"","0","replaceCodePoint with input: 65","@withstudiocms/component-registry Package Tests","Tue Dec 09 02:23:20 UTC 2025","passed","Tue Dec 09 02:23:20 UTC 2025","replaceCodePoint Tests","Component Proxy Tests","",""
"","0","isFaviconExt should return false for invalid extension","@studiocms/blog Package Tests","Tue Dec 09 02:22:53 UTC 2025","passed","Tue Dec 09 02:22:53 UTC 2025","isFaviconExt Function Tests","Type Definitions Tests","",""
"","0","HeadConfigSchema - Applies defaults","@withstudiocms/internal_helpers Package Tests","Tue Dec 09 02:22:39 UTC 2025","passed","Tue Dec 09 02:22:39 UTC 2025","HeadConfigSchema - Applies defaults","HeadConfigSchema Tests","",""
"","1","StudioCMSRoutes.mainLinks.contentManagement should be defined","studiocms Package Tests","Tue Dec 09 02:23:00 UTC 2025","passed","Tue Dec 09 02:23:00 UTC 2025","StudioCMSRoutes.mainLinks.contentManagement test","Route Map Virtual tests","",""
"","109","Scrypt - Service Tests - Should handle buffer and Uint8Array inputs","@withstudiocms/effect Package Tests","Tue Dec 09 02:22:33 UTC 2025","passed","Tue Dec 09 02:22:33 UTC 2025","ScryptService Tests","Scrypt Service Tests","",""
"","0","getHeroImage('', Astro) should return 'site-og.png'","@studiocms/blog Package Tests","Tue Dec 09 02:23:09 UTC 2025","passed","Tue Dec 09 02:23:09 UTC 2025","getHeroImage Tests","Component Helper Tests","",""
"","0","Libravatar Utils - sanitizedTarget","@withstudiocms/auth-kit Package Tests","Tue Dec 09 02:22:44 UTC 2025","passed","Tue Dec 09 02:22:44 UTC 2025","sanitizedTarget Tests","Libravatar Utility Tests","",""
"","3","Editor with empty content","@studiocms/markdoc Package Tests","Tue Dec 09 02:23:03 UTC 2025","passed","Tue Dec 09 02:23:03 UTC 2025","Editor Component Tests","Editor Component Tests","",""
"","6","User Module - verifyUsernameInput Tests","@withstudiocms/auth-kit Package Tests","Tue Dec 09 02:22:37 UTC 2025","passed","Tue Dec 09 02:22:37 UTC 2025","verifyUsernameInput Tests","User Module Tests","",""
"","2","resolveBuiltIns test case #1","studiocms Package Tests","Tue Dec 09 02:23:22 UTC 2025","passed","Tue Dec 09 02:23:22 UTC 2025","resolveBuiltIns tests","Integrations tests (Node Namespace Built-ins)","",""
"","2","StudioCMSSanitizeOptionsSchema test case #3","studiocms Package Tests","Tue Dec 09 02:22:59 UTC 2025","passed","Tue Dec 09 02:22:59 UTC 2025","StudioCMSSanitizeOptionsSchema tests","Plugins Schemas tests","",""
"","9","ComponentRegistry - getAllComponents - no components registered","@withstudiocms/component-registry Package Tests","Tue Dec 09 02:22:34 UTC 2025","passed","Tue Dec 09 02:22:34 UTC 2025","getAllComponents Tests","Component Registry Tests","",""
"","1","StudioCMSCoreError should create an error with the correct properties","studiocms Package Tests","Tue Dec 09 02:23:22 UTC 2025","passed","Tue Dec 09 02:23:22 UTC 2025","StudioCMSCoreError tests","StudioCMS Error tests","",""
"","0","getHeroImage('', Astro) should return 'https://images.unsplash.com/photo-1707343843982-f8275f3994c5?q=80&w=1032&auto=format&fit=crop&ixlib=rb-4.0.3&ixid=M3wxMjA3fDF8MHxwaG90by1wYWdlfHx8fGVufDB8fHx8fA%3D%3D'","@studiocms/blog Package Tests","Tue Dec 09 02:23:09 UTC 2025","passed","Tue Dec 09 02:23:09 UTC 2025","getHeroImage Tests","Component Helper Tests","",""
"","1","StudioCMSRoutes.authLinks.signupURL should be defined","studiocms Package Tests","Tue Dec 09 02:23:00 UTC 2025","passed","Tue Dec 09 02:23:00 UTC 2025","StudioCMSRoutes.authLinks.signupURL test","Route Map Virtual tests","",""
"","0","Libravatar Utils - composeAvatarUrl with delegationServer=""null"" and https=true","@withstudiocms/auth-kit Package Tests","Tue Dec 09 02:22:44 UTC 2025","passed","Tue Dec 09 02:22:44 UTC 2025","composeAvatarUrl Tests","Libravatar Utility Tests","",""
"","16","SMTPService - Should initialize with valid config","@withstudiocms/effect Package Tests","Tue Dec 09 02:22:38 UTC 2025","passed","Tue Dec 09 02:22:38 UTC 2025","SMTPService Initialization Tests","SMTP Service Tests","",""
"","1","Generated columns are marked correctly","@withstudiocms/kysely Package Tests","Tue Dec 09 02:23:18 UTC 2025","passed","Tue Dec 09 02:23:18 UTC 2025","Generated Columns","Schema Definitions","",""
"","1","User Utility - verifyUsernameSafe","@withstudiocms/auth-kit Package Tests","Tue Dec 09 02:22:57 UTC 2025","passed","Tue Dec 09 02:22:57 UTC 2025","verifyUsernameSafe Tests","User Utility Tests","",""
"","5","Effect Utilities - runEffect resolves with value","@withstudiocms/effect Package Tests","Tue Dec 09 02:23:13 UTC 2025","passed","Tue Dec 09 02:23:13 UTC 2025","runEffect Tests","Effect Utility Tests","",""
"","0","Middleware - handlerFilter","@withstudiocms/effect Package Tests","Tue Dec 09 02:22:53 UTC 2025","passed","Tue Dec 09 02:22:53 UTC 2025","handlerFilter Tests","Middleware Utility Tests","",""
"","2","getUrlParam should return correct value for param","studiocms Package Tests","Tue Dec 09 02:23:07 UTC 2025","passed","Tue Dec 09 02:23:07 UTC 2025","getUrlParam tests","oAuthUtils tests","",""
"","9","Encryption Module - encrypt and decrypt Uint8Array roundtrip","@withstudiocms/auth-kit Package Tests","Tue Dec 09 02:23:09 UTC 2025","passed","Tue Dec 09 02:23:09 UTC 2025","encrypt/decrypt Uint8Array Tests","Encryption Module Tests","",""
"","1","Encryption Module - encrypt and decrypt empty string","@withstudiocms/auth-kit Package Tests","Tue Dec 09 02:23:09 UTC 2025","passed","Tue Dec 09 02:23:09 UTC 2025","encrypt/decrypt empty string Tests","Encryption Module Tests","",""
"","1","Const: StudioCMSMarkdownDefaults.discordSubtext","studiocms Package Tests","Tue Dec 09 02:22:44 UTC 2025","passed","Tue Dec 09 02:22:44 UTC 2025","Const: StudioCMSMarkdownDefaults.discordSubtext","consts.ts tests","",""
"","6","createComponentProxy - proxies function components and processes props and children","@withstudiocms/component-registry Package Tests","Tue Dec 09 02:22:56 UTC 2025","passed","Tue Dec 09 02:22:56 UTC 2025","createComponentProxy Tests","Component Proxy Tests","",""
"","0","Middleware - handlerFilter","@withstudiocms/effect Package Tests","Tue Dec 09 02:22:53 UTC 2025","passed","Tue Dec 09 02:22:53 UTC 2025","handlerFilter Tests","Middleware Utility Tests","",""
"","1","restRoute('v2')('posts') should return '/studiocms_api/rest/v2/posts'","studiocms Package Tests","Tue Dec 09 02:23:05 UTC 2025","passed","Tue Dec 09 02:23:05 UTC 2025","restRoute test","Make API Route Virtual tests","",""
"","6","QueryParseError is instance of TaggedError","@withstudiocms/kysely Package Tests","Tue Dec 09 02:23:30 UTC 2025","passed","Tue Dec 09 02:23:30 UTC 2025","QueryParseError","Error Classes","",""
"","0","decodeHTMLAttribute with input: x &lt y","@withstudiocms/component-registry Package Tests","Tue Dec 09 02:22:47 UTC 2025","passed","Tue Dec 09 02:22:47 UTC 2025","decodeHTMLAttribute Tests","Component Proxy Tests","",""
"","2","Session Utility - defaultSessionConfig","@withstudiocms/auth-kit Package Tests","Tue Dec 09 02:23:16 UTC 2025","passed","Tue Dec 09 02:23:16 UTC 2025","defaultSessionConfig Tests","Session Utility Tests","",""
"","0","StatusSchema should validate value: ""pending""","@studiocms/devapps Package Tests","Tue Dec 09 02:22:32 UTC 2025","passed","Tue Dec 09 02:22:32 UTC 2025","StatusSchema Tests","WordPress API Schema Tests","",""
"","2","should handle empty content","@studiocms/mdx Package Tests","Tue Dec 09 02:22:39 UTC 2025","passed","Tue Dec 09 02:22:39 UTC 2025","MDX Rendering Tests","renderMDX Function Tests","",""
"","1","makeAPIRoute('')('test') should return '/studiocms_api//test'","studiocms Package Tests","Tue Dec 09 02:23:05 UTC 2025","passed","Tue Dec 09 02:23:05 UTC 2025","makeAPIRoute test","Make API Route Virtual tests","",""
"","0","TemplateEngine - Should handle deep nesting","@withstudiocms/template-lang Package Tests","Tue Dec 09 02:22:31 UTC 2025","passed","Tue Dec 09 02:22:31 UTC 2025","TemplateEngine - Should handle deep nesting","TemplateEngine Tests","",""
"","0","WYSIWYGSchema Test Case #5","@studiocms/wysiwyg Package Tests","Tue Dec 09 02:23:07 UTC 2025","passed","Tue Dec 09 02:23:07 UTC 2025","WYSIWYGSchema Validation Tests","WYSIWYG Types Tests","",""
"","1","StudioCMSOptionsSchema invalid data test case #3","studiocms Package Tests","Tue Dec 09 02:23:04 UTC 2025","passed","Tue Dec 09 02:23:04 UTC 2025","StudioCMSOptionsSchema tests","Config Schemas tests (Index)","",""
"","1670","SMTPService - Verify Transport with Valid Config","@withstudiocms/effect Package Tests","Tue Dec 09 02:22:38 UTC 2025","passed","Tue Dec 09 02:22:39 UTC 2025","SMTPService Transport Verification Tests","SMTP Service Tests","",""
"","0","Errors - prefixError - Should preserve stack and cause if possible","@withstudiocms/component-registry Package Tests","Tue Dec 09 02:22:53 UTC 2025","passed","Tue Dec 09 02:22:53 UTC 2025","prefixError Tests","Error Tests","",""
"","0","PostFormatSchema should validate value: ""video""","@studiocms/devapps Package Tests","Tue Dec 09 02:22:32 UTC 2025","passed","Tue Dec 09 02:22:32 UTC 2025","PostFormatSchema Tests","WordPress API Schema Tests","",""
"","4","Hooks Functionality - Validates Hook Implementations","@studiocms/google Package Tests","Tue Dec 09 02:23:00 UTC 2025","passed","Tue Dec 09 02:23:00 UTC 2025","Hooks Functionality Tests","Google Plugin Tests","",""
"","0","firstUpperCase('123abc') should return '123abc'","@studiocms/wysiwyg Package Tests","Tue Dec 09 02:23:09 UTC 2025","passed","Tue Dec 09 02:23:09 UTC 2025","firstUpperCase Function Tests","Utils Tests","",""
"","1","PropsParser - extractPropsFromAstroFile - extract Props interface from Astro File","@withstudiocms/component-registry Package Tests","Tue Dec 09 02:23:04 UTC 2025","passed","Tue Dec 09 02:23:04 UTC 2025","extractPropsFromAstroFile Tests","Props Parser Tests","",""
"","1","OpenClosedSchema should reject invalid value: ""null""","@studiocms/devapps Package Tests","Tue Dec 09 02:22:32 UTC 2025","passed","Tue Dec 09 02:22:32 UTC 2025","OpenClosedSchema Tests","WordPress API Schema Tests","",""
"","1","TemplateEngine - Should compile templates for reuse","@withstudiocms/template-lang Package Tests","Tue Dec 09 02:22:31 UTC 2025","passed","Tue Dec 09 02:22:31 UTC 2025","TemplateEngine - Should compile templates for reuse","TemplateEngine Tests","",""
"","1","toUpperKeyword correctly uppercases SQL keyword ""select""","@withstudiocms/kysely Package Tests","Tue Dec 09 02:22:48 UTC 2025","passed","Tue Dec 09 02:22:48 UTC 2025","toUpperKeyword Utility","Trigger Utilities","",""
"","1","Schema test case #16 | Current Schema: PageTypesSchema","studiocms Package Tests","Tue Dec 09 02:22:58 UTC 2025","passed","Tue Dec 09 02:22:58 UTC 2025","Schema Tests","Plugins Schemas tests (Shared)","",""
"","0","ensureLeadingSlash('') should return '/'","@studiocms/devapps Package Tests","Tue Dec 09 02:22:54 UTC 2025","passed","Tue Dec 09 02:22:54 UTC 2025","ensureLeadingSlash Tests","pathGenerator Utility Function Tests","",""
"","0","WYSIWYGSchema Invalid Test Case #8","@studiocms/wysiwyg Package Tests","Tue Dec 09 02:23:07 UTC 2025","passed","Tue Dec 09 02:23:07 UTC 2025","WYSIWYGSchema Invalid Input Tests","WYSIWYG Types Tests","",""
"","2","Password Utility - verifySafe - should return ""undefined"" for input ""uniquepassword123""","@withstudiocms/auth-kit Package Tests","Tue Dec 09 02:22:57 UTC 2025","passed","Tue Dec 09 02:22:57 UTC 2025","verifySafe Tests","Password Utility Tests","",""
"","5","BaseHead renders correctly with all props","@studiocms/blog Package Tests","Tue Dec 09 02:22:41 UTC 2025","passed","Tue Dec 09 02:22:41 UTC 2025","BaseHead Component Tests","Component Tests","",""
"throws error if comp is empty string","0","pageContentComponentFilter - throws error if comp is empty string","@withstudiocms/internal_helpers Package Tests","Tue Dec 09 02:22:33 UTC 2025","passed","Tue Dec 09 02:22:33 UTC 2025","pageContentComponentFilter - throws error if comp is empty string","Utility Functions","",""
"","5","Plugin Hooks - Validates hook definitions","@studiocms/md Package Tests","Tue Dec 09 02:22:46 UTC 2025","passed","Tue Dec 09 02:22:46 UTC 2025","Plugin Hooks Tests","studiocmsMD Plugin Tests","",""
"","3","should include base remark and rehype plugins","@studiocms/mdx Package Tests","Tue Dec 09 02:22:39 UTC 2025","passed","Tue Dec 09 02:22:39 UTC 2025","MDX Rendering Tests","renderMDX Function Tests","",""
"","2","Deepmerge - Effect Service - respects custom options for merging arrays","@withstudiocms/effect Package Tests","Tue Dec 09 02:23:03 UTC 2025","passed","Tue Dec 09 02:23:03 UTC 2025","Deepmerge Effect Service Tests","Deepmerge Utility Tests","",""
"replaces non-alphanumeric with underscores and lowercases","0","convertToSafeString - replaces non-alphanumeric with underscores and lowercases","@withstudiocms/internal_helpers Package Tests","Tue Dec 09 02:22:33 UTC 2025","passed","Tue Dec 09 02:22:33 UTC 2025","convertToSafeString - replaces non-alphanumeric with underscores and lowercases","Utility Functions","",""
"","1","makePublicRoute('') should return 'public/studiocms-resources//'","studiocms Package Tests","Tue Dec 09 02:23:34 UTC 2025","passed","Tue Dec 09 02:23:34 UTC 2025","makePublicRoute test","Make Public Route Virtual tests","",""
"","1","TemplateParser - Should handle variables with spaces","@withstudiocms/template-lang Package Tests","Tue Dec 09 02:22:31 UTC 2025","passed","Tue Dec 09 02:22:31 UTC 2025","TemplateParser - Should handle variables with spaces","TemplateParser Tests","",""
"","1","sortByDate test case #5","studiocms Package Tests","Tue Dec 09 02:23:08 UTC 2025","passed","Tue Dec 09 02:23:08 UTC 2025","sortByDate test","Components Utils tests","",""
"","3","closeOnOutsideClick - should add app-toggled event listener","@studiocms/devapps Package Tests","Tue Dec 09 02:22:48 UTC 2025","passed","Tue Dec 09 02:22:48 UTC 2025","closeOnOutsideClick Tests","app-utils Utility Function Tests","",""
"","1","TimeStringSchema test case #2","studiocms Package Tests","Tue Dec 09 02:22:54 UTC 2025","passed","Tue Dec 09 02:22:54 UTC 2025","TimeStringSchema tests","Config Schemas tests (SDK)","",""
"","0","Libravatar Utils - serviceName for domain ""example.com"" with https=false","@withstudiocms/auth-kit Package Tests","Tue Dec 09 02:22:44 UTC 2025","passed","Tue Dec 09 02:22:44 UTC 2025","serviceName Tests","Libravatar Utility Tests","",""
"","1","getHeroImage(' hero.png ', Astro) should return 'hero.png'","@studiocms/blog Package Tests","Tue Dec 09 02:23:09 UTC 2025","passed","Tue Dec 09 02:23:09 UTC 2025","getHeroImage Tests","Component Helper Tests","",""
"","1","Plugin Creation - Validates Handling of Unknown Properties","@studiocms/html Package Tests","Tue Dec 09 02:22:43 UTC 2025","passed","Tue Dec 09 02:22:43 UTC 2025","Plugin Creation Unknown Properties Tests","studiocmsHTML Plugin Tests","",""
"","16","User Module - createUserAvatar returns a valid Libravatar URL","@withstudiocms/auth-kit Package Tests","Tue Dec 09 02:22:37 UTC 2025","passed","Tue Dec 09 02:22:37 UTC 2025","createUserAvatar Tests","User Module Tests","",""
"","1","generateSitemapContent throws for config.sitemap as boolean false","studiocms Package Tests","Tue Dec 09 02:22:42 UTC 2025","passed","Tue Dec 09 02:22:42 UTC 2025","generateSitemapContent false sitemap test","Robots Core Utils","",""
"","2","Components Container tests - PageHeader with badge component","studiocms Package Tests","Tue Dec 09 02:23:13 UTC 2025","passed","Tue Dec 09 02:23:13 UTC 2025","Components Container tests - PageHeader with badge component","Components Container tests","",""
"","31","getUserPermissions test case #1","studiocms Package Tests","Tue Dec 09 02:22:51 UTC 2025","passed","Tue Dec 09 02:22:51 UTC 2025","getUserPermissions tests","Middleware Utils tests","",""
"","1","buildLoggerVirtual - should inject verbose flag into logger stub","studiocms Package Tests","Tue Dec 09 02:22:49 UTC 2025","passed","Tue Dec 09 02:22:49 UTC 2025","buildLoggerVirtual test","Virtual Module Utils tests","",""
"","1","resolveBuiltIns test case #5","studiocms Package Tests","Tue Dec 09 02:23:22 UTC 2025","passed","Tue Dec 09 02:23:22 UTC 2025","resolveBuiltIns tests","Integrations tests (Node Namespace Built-ins)","",""
"","4","Components Container tests - SSRUser component","studiocms Package Tests","Tue Dec 09 02:23:13 UTC 2025","passed","Tue Dec 09 02:23:13 UTC 2025","Components Container tests - SSRUser component","Components Container tests","",""
"","0","should handle single segment paths","@withstudiocms/internal_helpers Package Tests","Tue Dec 09 02:22:42 UTC 2025","passed","Tue Dec 09 02:22:42 UTC 2025","should handle single segment paths","Path Resolver Tests","",""
"","1","sortByDate test case #9","studiocms Package Tests","Tue Dec 09 02:23:08 UTC 2025","passed","Tue Dec 09 02:23:08 UTC 2025","sortByDate test","Components Utils tests","",""
"","2","remapFilterSitemap should correctly map and filter sitemap entries","@studiocms/blog Package Tests","Tue Dec 09 02:23:13 UTC 2025","passed","Tue Dec 09 02:23:13 UTC 2025","remapFilterSitemap Tests","remapFilter Utility Tests","",""
"","0","Middleware - matchFilterCheck","@withstudiocms/effect Package Tests","Tue Dec 09 02:22:53 UTC 2025","passed","Tue Dec 09 02:22:53 UTC 2025","matchFilterCheck Tests","Middleware Utility Tests","",""
"","0","TemplateParser - Should return false when variables exist (2)","@withstudiocms/template-lang Package Tests","Tue Dec 09 02:22:31 UTC 2025","passed","Tue Dec 09 02:22:31 UTC 2025","TemplateParser - Should return false when variables exist (2)","TemplateParser Tests","",""
"","21","updates document title, meta description, and lang","studiocms Package Tests","Tue Dec 09 02:23:37 UTC 2025","passed","Tue Dec 09 02:23:37 UTC 2025","documentUpdater tests","i18n Client Virtuals tests","",""
"","1","HeadConfigSchema - mergeHead overwrites by new head","@withstudiocms/internal_helpers Package Tests","Tue Dec 09 02:22:39 UTC 2025","passed","Tue Dec 09 02:22:39 UTC 2025","HeadConfigSchema - mergeHead overwrites by new head","HeadConfigSchema Tests","",""
"","8","User Utility - verifyUsernameSafe","@withstudiocms/auth-kit Package Tests","Tue Dec 09 02:22:57 UTC 2025","passed","Tue Dec 09 02:22:57 UTC 2025","verifyUsernameSafe Tests","User Utility Tests","",""
"","1","dashboardConfigSchema optional test case #3","studiocms Package Tests","Tue Dec 09 02:23:20 UTC 2025","passed","Tue Dec 09 02:23:20 UTC 2025","dashboardConfigSchema tests","Config Schemas tests (Dashboard)","",""
"","3","makeFallbackSiteConfig returns valid config","studiocms Package Tests","Tue Dec 09 02:22:51 UTC 2025","passed","Tue Dec 09 02:22:51 UTC 2025","makeFallbackSiteConfig tests","Middleware Utils tests","",""
"","1","SafePluginListItemSchema test case #1","studiocms Package Tests","Tue Dec 09 02:22:59 UTC 2025","passed","Tue Dec 09 02:22:59 UTC 2025","SafePluginListItemSchema tests","Plugins Schemas tests","",""
"","1","StudioCMSRoutes.authLinks.logoutAPI should be defined","studiocms Package Tests","Tue Dec 09 02:23:00 UTC 2025","passed","Tue Dec 09 02:23:00 UTC 2025","StudioCMSRoutes.authLinks.logoutAPI test","Route Map Virtual tests","",""
"","1","shouldSkipRendering('/studiocms_api/') should return true","studiocms Package Tests","Tue Dec 09 02:23:37 UTC 2025","passed","Tue Dec 09 02:23:37 UTC 2025","shouldSkipRendering('/studiocms_api/') should return true","UserQuickTools Virtual Script tests","",""
"","1","AuthKitOptions - Throws if session.cookieName is missing or empty","@withstudiocms/auth-kit Package Tests","Tue Dec 09 02:22:44 UTC 2025","passed","Tue Dec 09 02:22:44 UTC 2025","AuthKitOptions Tests","Config Tests","",""
"","4","OpenClosedSchema should reject invalid value: ""invalid""","@studiocms/devapps Package Tests","Tue Dec 09 02:22:32 UTC 2025","passed","Tue Dec 09 02:22:32 UTC 2025","OpenClosedSchema Tests","WordPress API Schema Tests","",""
"","1","VirtualModuleBuilder - dynamicVirtual exports all modules","studiocms Package Tests","Tue Dec 09 02:22:49 UTC 2025","passed","Tue Dec 09 02:22:49 UTC 2025","VirtualModuleBuilder - dynamicVirtual test","Virtual Module Utils tests","",""
"","1","User Module - createOAuthUser returns a user object","@withstudiocms/auth-kit Package Tests","Tue Dec 09 02:22:37 UTC 2025","passed","Tue Dec 09 02:22:37 UTC 2025","createOAuthUser Tests","User Module Tests","",""
"","1","Const: GhostUserDefaults.id","studiocms Package Tests","Tue Dec 09 02:22:44 UTC 2025","passed","Tue Dec 09 02:22:44 UTC 2025","Const: GhostUserDefaults.id","consts.ts tests","",""
"","1","APIEndpointConfig - should create config for type: posts","@studiocms/devapps Package Tests","Tue Dec 09 02:22:39 UTC 2025","passed","Tue Dec 09 02:22:39 UTC 2025","APIEndpointConfig Tests","WordPress API Config Tests","",""
"","1","Response Helpers - createRedirectResponse","@withstudiocms/effect Package Tests","Tue Dec 09 02:22:42 UTC 2025","passed","Tue Dec 09 02:22:42 UTC 2025","createRedirectResponse Tests","Response Helpers Tests","",""
"","0","CategoryOrTagConfig - should ensure config is defined","@studiocms/devapps Package Tests","Tue Dec 09 02:22:39 UTC 2025","passed","Tue Dec 09 02:22:39 UTC 2025","Configuration Validation Tests","WordPress API Config Tests","",""
"","1","oAuthButtonProviders should map oAuthButtons to providerData correctly","studiocms Package Tests","Tue Dec 09 02:23:08 UTC 2025","passed","Tue Dec 09 02:23:08 UTC 2025","oAuthButtonProviders - providerData test","Components Utils tests","",""
"","1","Scrypt - Scrypt.makeConfig static method","@withstudiocms/effect Package Tests","Tue Dec 09 02:22:33 UTC 2025","passed","Tue Dec 09 02:22:33 UTC 2025","Scrypt.makeConfig Tests","Scrypt Service Tests","",""
"","1","createComponentProxy - handles decoding errors gracefully","@withstudiocms/component-registry Package Tests","Tue Dec 09 02:22:56 UTC 2025","passed","Tue Dec 09 02:22:56 UTC 2025","createComponentProxy Tests","Component Proxy Tests","",""
"","137","Password Module - verifyPasswordStrength returns true for a strong password","@withstudiocms/auth-kit Package Tests","Tue Dec 09 02:23:11 UTC 2025","passed","Tue Dec 09 02:23:11 UTC 2025","verifyPasswordStrength Tests","Password Module Tests","",""
"","0","TemplateEngine - Basic rendering of simple variables","@withstudiocms/template-lang Package Tests","Tue Dec 09 02:22:31 UTC 2025","passed","Tue Dec 09 02:22:31 UTC 2025","TemplateEngine - Basic rendering of simple variables","TemplateEngine Tests","",""
"","0","isFaviconExt should return false for invalid extension","@studiocms/blog Package Tests","Tue Dec 09 02:22:53 UTC 2025","passed","Tue Dec 09 02:22:53 UTC 2025","isFaviconExt Function Tests","Type Definitions Tests","",""
"","0","Const: STUDIOCMS_THEME_COLOR","studiocms Package Tests","Tue Dec 09 02:22:44 UTC 2025","passed","Tue Dec 09 02:22:44 UTC 2025","Const: STUDIOCMS_THEME_COLOR","consts.ts tests","",""
"","3","Components Container tests - StudioCMSLogoSVG component","studiocms Package Tests","Tue Dec 09 02:23:13 UTC 2025","passed","Tue Dec 09 02:23:13 UTC 2025","Components Container tests - StudioCMSLogoSVG component","Components Container tests","",""
"","0","Middleware - matchFilterCheck","@withstudiocms/effect Package Tests","Tue Dec 09 02:22:53 UTC 2025","passed","Tue Dec 09 02:22:53 UTC 2025","matchFilterCheck Tests","Middleware Utility Tests","",""
"","0","TemplateEngine - Should handle missing variables in non-strict mode","@withstudiocms/template-lang Package Tests","Tue Dec 09 02:22:31 UTC 2025","passed","Tue Dec 09 02:22:31 UTC 2025","TemplateEngine - Should handle missing variables in non-strict mode","TemplateEngine Tests","",""
"","0","makePublicRoute('foo/bar?baz=qux') should return 'public/studiocms-resources/foo/bar?baz=qux/'","studiocms Package Tests","Tue Dec 09 02:23:34 UTC 2025","passed","Tue Dec 09 02:23:34 UTC 2025","makePublicRoute test","Make Public Route Virtual tests","",""
"","4","Const: CMSSiteConfigId","studiocms Package Tests","Tue Dec 09 02:22:44 UTC 2025","passed","Tue Dec 09 02:22:44 UTC 2025","Const: CMSSiteConfigId","consts.ts tests","",""
"","36","Handler - resolver - Catches errors thrown in the callback and returns an Error","@withstudiocms/component-registry Package Tests","Tue Dec 09 02:22:37 UTC 2025","passed","Tue Dec 09 02:22:37 UTC 2025","resolver Tests","Utility Tests","",""
"","1","createURLGenFactory - Non-dashboard route with path","@withstudiocms/internal_helpers Package Tests","Tue Dec 09 02:23:18 UTC 2025","passed","Tue Dec 09 02:23:18 UTC 2025","createURLGenFactory - Non-dashboard route with path","createURLGenFactory Tests","",""
"","1","StudioCMSOptionsSchema specific field test case #2","studiocms Package Tests","Tue Dec 09 02:23:04 UTC 2025","passed","Tue Dec 09 02:23:04 UTC 2025","StudioCMSOptionsSchema tests","Config Schemas tests (Index)","",""
"","6","Config Loader - importBundledFile","@withstudiocms/config-utils Package Tests","Tue Dec 09 02:22:39 UTC 2025","passed","Tue Dec 09 02:22:39 UTC 2025","importBundledFile Tests","Config Loader Tests","",""
"","0","Const: STUDIOCMS_EDITOR_CSRF_COOKIE_NAME","studiocms Package Tests","Tue Dec 09 02:22:44 UTC 2025","passed","Tue Dec 09 02:22:44 UTC 2025","Const: STUDIOCMS_EDITOR_CSRF_COOKIE_NAME","consts.ts tests","",""
"","0","Const: LinkNewOAuthCookieName","studiocms Package Tests","Tue Dec 09 02:22:44 UTC 2025","passed","Tue Dec 09 02:22:44 UTC 2025","Const: LinkNewOAuthCookieName","consts.ts tests","",""
"","0","Utility - round-trip conversion of ""hello_world_test"" toHyphens","@withstudiocms/component-registry Package Tests","Tue Dec 09 02:22:37 UTC 2025","passed","Tue Dec 09 02:22:37 UTC 2025","Round-Trip Conversion Tests","Utility Tests","",""
"","1","should handle special characters in image source","@studiocms/cloudinary-image-service Package Tests","Tue Dec 09 02:22:35 UTC 2025","passed","Tue Dec 09 02:22:35 UTC 2025","Image URL Generation Tests","Cloudinary Image Service - Image URL Generation Tests","",""
"","8","Scrypt - ScryptConfig Make and Context Provisioning","@withstudiocms/effect Package Tests","Tue Dec 09 02:22:33 UTC 2025","passed","Tue Dec 09 02:22:33 UTC 2025","ScryptConfig Tests","Scrypt Service Tests","",""
"","0","decodeHTML with input: foo &amp bar","@withstudiocms/component-registry Package Tests","Tue Dec 09 02:22:47 UTC 2025","passed","Tue Dec 09 02:22:47 UTC 2025","decodeHTML Tests","Component Proxy Tests","",""
"","4","PropsParser - parseComponentProps - parse type alias props","@withstudiocms/component-registry Package Tests","Tue Dec 09 02:23:04 UTC 2025","passed","Tue Dec 09 02:23:04 UTC 2025","parseComponentProps Tests","Props Parser Tests","",""
"","0","Middleware - handlerFilter","@withstudiocms/effect Package Tests","Tue Dec 09 02:22:53 UTC 2025","passed","Tue Dec 09 02:22:53 UTC 2025","handlerFilter Tests","Middleware Utility Tests","",""
"","0","Should handle StudioCMS flavor with 'vitepress' callout theme","@studiocms/md Package Tests","Tue Dec 09 02:22:46 UTC 2025","passed","Tue Dec 09 02:22:46 UTC 2025","Plugin Creation Tests","studiocmsMD Plugin Tests","",""
"","0","Const: routesDir.authPage","studiocms Package Tests","Tue Dec 09 02:22:44 UTC 2025","passed","Tue Dec 09 02:22:44 UTC 2025","Const: routesDir.authPage","consts.ts tests","",""
"","0","trimInput('
	foo bar	
') should return 'foo bar'","@studiocms/blog Package Tests","Tue Dec 09 02:23:09 UTC 2025","passed","Tue Dec 09 02:23:09 UTC 2025","trimInput Tests","Component Helper Tests","",""
"","0","DownloadPostImageConfig - should create config with correct structure","@studiocms/devapps Package Tests","Tue Dec 09 02:22:39 UTC 2025","passed","Tue Dec 09 02:22:39 UTC 2025","DownloadPostImageConfig Tests","WordPress API Config Tests","",""
"","0","HeadConfigSchema - Applies defaults","@withstudiocms/internal_helpers Package Tests","Tue Dec 09 02:22:39 UTC 2025","passed","Tue Dec 09 02:22:39 UTC 2025","HeadConfigSchema - Applies defaults","HeadConfigSchema Tests","",""
"","1","should set defaultLang to ""en""","studiocms Package Tests","Tue Dec 09 02:23:15 UTC 2025","passed","Tue Dec 09 02:23:15 UTC 2025","defaultLang tests","i18n Config tests","",""
"","1","TransformHTML Test Case","@withstudiocms/component-registry Package Tests","Tue Dec 09 02:22:52 UTC 2025","passed","Tue Dec 09 02:22:52 UTC 2025","transformHTML Tests","TransformHTML Tests","",""
"","4","StudioCMSRoutes.mainLinks.smtpConfiguration should be defined","studiocms Package Tests","Tue Dec 09 02:23:00 UTC 2025","passed","Tue Dec 09 02:23:00 UTC 2025","StudioCMSRoutes.mainLinks.smtpConfiguration test","Route Map Virtual tests","",""
"","12","Kysely client handles withEncoder and withDecoder correctly","@withstudiocms/kysely Package Tests","Tue Dec 09 02:22:59 UTC 2025","passed","Tue Dec 09 02:22:59 UTC 2025","Kysely client handles withEncoder and withDecoder correctly","Client Core Functionality","",""
"","21","measureExecutionTime test case #3","studiocms Package Tests","Tue Dec 09 02:23:18 UTC 2025","passed","Tue Dec 09 02:23:18 UTC 2025","measureExecutionTime test cases","Robots Utils","",""
"","5","Plugin Creation - Validates Plugin Structure","@studiocms/discord Package Tests","Tue Dec 09 02:23:01 UTC 2025","passed","Tue Dec 09 02:23:01 UTC 2025","Plugin Creation Tests","Discord Plugin Tests","",""
"","2","Libravatar Utils - getAvatarUrl throws if no email or openid","@withstudiocms/auth-kit Package Tests","Tue Dec 09 02:22:44 UTC 2025","passed","Tue Dec 09 02:22:44 UTC 2025","getAvatarUrl Tests","Libravatar Utility Tests","",""
"","4","updateSelectElmLabel updates select label for ""qux"" correctly","studiocms Package Tests","Tue Dec 09 02:23:37 UTC 2025","passed","Tue Dec 09 02:23:37 UTC 2025","updateSelectElmLabel tests","i18n Client Virtuals tests","",""
"","5","Default Template Engine tests - notifications template","studiocms Package Tests","Tue Dec 09 02:23:26 UTC 2025","passed","Tue Dec 09 02:23:26 UTC 2025","Default Template Engine tests - notifications template","Default Template Engine tests","",""
"","1","sortByDate test case #8","studiocms Package Tests","Tue Dec 09 02:23:08 UTC 2025","passed","Tue Dec 09 02:23:08 UTC 2025","sortByDate test","Components Utils tests","",""
"","1","Const: Next_SiteConfigId","studiocms Package Tests","Tue Dec 09 02:22:44 UTC 2025","passed","Tue Dec 09 02:22:44 UTC 2025","Const: Next_SiteConfigId","consts.ts tests","",""
"","0","Libravatar Utils - parseUserIdentity with input {""openid"":""https://user:pass@openid.example.com/path""}","@withstudiocms/auth-kit Package Tests","Tue Dec 09 02:22:44 UTC 2025","passed","Tue Dec 09 02:22:44 UTC 2025","parseUserIdentity Tests","Libravatar Utility Tests","",""
"","0","pathGenerator('/api/', 'https://example.com/') should create correct path builder","@studiocms/devapps Package Tests","Tue Dec 09 02:22:54 UTC 2025","passed","Tue Dec 09 02:22:54 UTC 2025","pathGenerator Tests","pathGenerator Utility Function Tests","",""
"","0","Password Utility - constantTimeEqual - should return false for inputs ""abc"" and ""abcd""","@withstudiocms/auth-kit Package Tests","Tue Dec 09 02:22:57 UTC 2025","passed","Tue Dec 09 02:22:57 UTC 2025","constantTimeEqual Tests","Password Utility Tests","",""
"","0","PostFormatSchema should validate value: """"","@studiocms/devapps Package Tests","Tue Dec 09 02:22:32 UTC 2025","passed","Tue Dec 09 02:22:32 UTC 2025","PostFormatSchema Tests","WordPress API Schema Tests","",""
"","1","safeString test case #2","studiocms Package Tests","Tue Dec 09 02:23:29 UTC 2025","passed","Tue Dec 09 02:23:29 UTC 2025","safeString tests","Dynamic Sitemap Integration and Utils","",""
"","1","getLangFromUrl extracts correct language from URL ""http://localhost/su/dashboard""","studiocms Package Tests","Tue Dec 09 02:22:59 UTC 2025","passed","Tue Dec 09 02:22:59 UTC 2025","getLangFromUrl tests","i18n Server Virtuals tests","",""
"","0","TransformHTML Test Case","@withstudiocms/component-registry Package Tests","Tue Dec 09 02:22:52 UTC 2025","passed","Tue Dec 09 02:22:52 UTC 2025","transformHTML Tests","TransformHTML Tests","",""
"","5","Scrypt - Service Tests - Should work with scrypt parameters N:1024, r:4, p:1","@withstudiocms/effect Package Tests","Tue Dec 09 02:22:33 UTC 2025","passed","Tue Dec 09 02:22:33 UTC 2025","ScryptService Tests","Scrypt Service Tests","",""
"","0","determineBranch returns -1 for invalid branch (char: 9999)","@withstudiocms/component-registry Package Tests","Tue Dec 09 02:22:47 UTC 2025","passed","Tue Dec 09 02:22:47 UTC 2025","determineBranch Tests","Component Proxy Tests","",""
"","1","should have a valid entry for image name: studiocms-blocks","studiocms Package Tests","Tue Dec 09 02:23:21 UTC 2025","passed","Tue Dec 09 02:23:21 UTC 2025","validImages individual entry tests","validImages Virtual tests","",""
"","2","getEnabledNotificationCheckboxes - should return enabled options from FormData","studiocms Package Tests","Tue Dec 09 02:23:06 UTC 2025","passed","Tue Dec 09 02:23:06 UTC 2025","getEnabledNotificationCheckboxes test","Notifier Client Virtual tests","",""
"","0","decodeCodePoint with input: 8364 (Deprecated)","@withstudiocms/component-registry Package Tests","Tue Dec 09 02:23:20 UTC 2025","passed","Tue Dec 09 02:23:20 UTC 2025","decodeCodePoint Tests (Deprecated)","Component Proxy Tests","",""
"","1","OpenClosedSchema should reject invalid value: ""active""","@studiocms/devapps Package Tests","Tue Dec 09 02:22:32 UTC 2025","passed","Tue Dec 09 02:22:32 UTC 2025","OpenClosedSchema Tests","WordPress API Schema Tests","",""
"","37","Components Container tests - ThemeManager component","studiocms Package Tests","Tue Dec 09 02:23:13 UTC 2025","passed","Tue Dec 09 02:23:13 UTC 2025","Components Container tests - ThemeManager component","Components Container tests","",""
"","0","stripLeadingAndTrailingSlashes removes both","@withstudiocms/internal_helpers Package Tests","Tue Dec 09 02:22:42 UTC 2025","passed","Tue Dec 09 02:22:42 UTC 2025","stripLeadingAndTrailingSlashes removes both","Path Generators Tests","",""
"","0","fromCodePoint with input: 128512","@withstudiocms/component-registry Package Tests","Tue Dec 09 02:22:47 UTC 2025","passed","Tue Dec 09 02:22:47 UTC 2025","fromCodePoint Tests","Component Proxy Tests","",""
"","1","getLatestVersion - Warns if cache read error is not ENOENT","@withstudiocms/internal_helpers Package Tests","Tue Dec 09 02:22:31 UTC 2025","passed","Tue Dec 09 02:22:31 UTC 2025","getLatestVersion - Warns if cache read error is not ENOENT","Astro Integration Utility Tests","",""
"","1","withinLast30Days test case #2","studiocms Package Tests","Tue Dec 09 02:23:08 UTC 2025","passed","Tue Dec 09 02:23:08 UTC 2025","withinLast30Days test","Components Utils tests","",""
"","7","parses markdown input correctly","studiocms Package Tests","Tue Dec 09 02:23:30 UTC 2025","passed","Tue Dec 09 02:23:30 UTC 2025","parses markdown input correctly","tinyMDParser Utility tests","",""
"","1","Const: routesDir.fts","studiocms Package Tests","Tue Dec 09 02:22:44 UTC 2025","passed","Tue Dec 09 02:22:44 UTC 2025","Const: routesDir.fts","consts.ts tests","",""
"","0","AstroAPIContextProvider - should ensure config is defined","@studiocms/devapps Package Tests","Tue Dec 09 02:22:39 UTC 2025","passed","Tue Dec 09 02:22:39 UTC 2025","Configuration Validation Tests","WordPress API Config Tests","",""
"","5","Render with empty content","@studiocms/mdx Package Tests","Tue Dec 09 02:23:17 UTC 2025","passed","Tue Dec 09 02:23:17 UTC 2025","Render Tests","MDX Editor Component Tests","",""
"lowercases the result","0","convertToSafeString - lowercases the result","@withstudiocms/internal_helpers Package Tests","Tue Dec 09 02:22:33 UTC 2025","passed","Tue Dec 09 02:22:33 UTC 2025","convertToSafeString - lowercases the result","Utility Functions","",""
"","1","RenderedData should reject data without rendered field","@studiocms/devapps Package Tests","Tue Dec 09 02:22:32 UTC 2025","passed","Tue Dec 09 02:22:32 UTC 2025","RenderedData Tests","WordPress API Schema Tests","",""
"","1","dashboardConfigSchema optional test case #4","studiocms Package Tests","Tue Dec 09 02:23:20 UTC 2025","passed","Tue Dec 09 02:23:20 UTC 2025","dashboardConfigSchema tests","Config Schemas tests (Dashboard)","",""
"","1","SafePluginListSchema test case #1","studiocms Package Tests","Tue Dec 09 02:22:59 UTC 2025","passed","Tue Dec 09 02:22:59 UTC 2025","SafePluginListSchema tests","Plugins Schemas tests","",""
"","34","Password Module - verifyPasswordStrength returns error string for short password","@withstudiocms/auth-kit Package Tests","Tue Dec 09 02:23:11 UTC 2025","passed","Tue Dec 09 02:23:11 UTC 2025","verifyPasswordStrength Tests","Password Module Tests","",""
"","1","apiRoute('render') should return '/studiocms_api/renderer/render'","studiocms Package Tests","Tue Dec 09 02:23:05 UTC 2025","passed","Tue Dec 09 02:23:05 UTC 2025","apiRoute test","Make API Route Virtual tests","",""
"","8","Scrypt - Service Tests - Should work with key length: 16","@withstudiocms/effect Package Tests","Tue Dec 09 02:22:33 UTC 2025","passed","Tue Dec 09 02:22:33 UTC 2025","ScryptService Tests","Scrypt Service Tests","",""
"","1","validateUrl throws for invalid sitemap url: http://example.com/sitemap.doc","studiocms Package Tests","Tue Dec 09 02:22:42 UTC 2025","passed","Tue Dec 09 02:22:42 UTC 2025","validateUrl invalid sitemap url tests","Robots Core Utils","",""
"","1","should resolve relative paths from the directory containing the file","@withstudiocms/internal_helpers Package Tests","Tue Dec 09 02:22:42 UTC 2025","passed","Tue Dec 09 02:22:42 UTC 2025","should resolve relative paths from the directory containing the file","Path Resolver Tests","",""
"","34","Context Utils - readAPIContextJson","@withstudiocms/effect Package Tests","Tue Dec 09 02:22:46 UTC 2025","passed","Tue Dec 09 02:22:46 UTC 2025","readAPIContextJson Tests","Context Utils Tests","",""
"","1","should reject invalid favicon extension: /favicon.webp","@studiocms/blog Package Tests","Tue Dec 09 02:22:53 UTC 2025","passed","Tue Dec 09 02:22:53 UTC 2025","FrontEndConfigSchema Favicon Tests","Type Definitions Tests","",""
"","34","PropsParser - parseComponentProps - parse interface props with JSDoc","@withstudiocms/component-registry Package Tests","Tue Dec 09 02:23:04 UTC 2025","passed","Tue Dec 09 02:23:04 UTC 2025","parseComponentProps Tests","Props Parser Tests","",""
"","0","Utility - integrationLogger logs at error when verbose is true","@withstudiocms/component-registry Package Tests","Tue Dec 09 02:22:37 UTC 2025","passed","Tue Dec 09 02:22:37 UTC 2025","integrationLogger Tests","Utility Tests","",""
"","2","returns empty string for empty input","studiocms Package Tests","Tue Dec 09 02:23:30 UTC 2025","passed","Tue Dec 09 02:23:30 UTC 2025","returns empty string for empty input","tinyMDParser Utility tests","",""
"","1","StudioCMSOptionsSchema specific field test case #3","studiocms Package Tests","Tue Dec 09 02:23:04 UTC 2025","passed","Tue Dec 09 02:23:04 UTC 2025","StudioCMSOptionsSchema tests","Config Schemas tests (Index)","",""
"","11","API Route - withEffectAPI","@withstudiocms/effect Package Tests","Tue Dec 09 02:22:35 UTC 2025","passed","Tue Dec 09 02:22:35 UTC 2025","withEffectAPI Tests","API Route Helpers Tests","",""
"","1","getLangFromUrl extracts correct language from URL ""http://localhost/en/dashboard""","studiocms Package Tests","Tue Dec 09 02:22:59 UTC 2025","passed","Tue Dec 09 02:22:59 UTC 2025","getLangFromUrl tests","i18n Server Virtuals tests","",""
"","2395","SMTPService - Should send email successfully","@withstudiocms/effect Package Tests","Tue Dec 09 02:22:39 UTC 2025","passed","Tue Dec 09 02:22:42 UTC 2025","Mail Sending Tests","SMTP Service Tests","",""
"","0","replaceCodePoint with input: 55296","@withstudiocms/component-registry Package Tests","Tue Dec 09 02:23:20 UTC 2025","passed","Tue Dec 09 02:23:20 UTC 2025","replaceCodePoint Tests","Component Proxy Tests","",""
"","0","Zod Utils - parseAndMerge Tests","@withstudiocms/config-utils Package Tests","Tue Dec 09 02:23:00 UTC 2025","passed","Tue Dec 09 02:23:00 UTC 2025","parseAndMerge Test Set","Zod Utility Tests","",""
"","0","ensureLeadingSlash('/hello/world') should return '/hello/world'","@studiocms/devapps Package Tests","Tue Dec 09 02:22:54 UTC 2025","passed","Tue Dec 09 02:22:54 UTC 2025","ensureLeadingSlash Tests","pathGenerator Utility Function Tests","",""
"","1","Const: routesDir.api","studiocms Package Tests","Tue Dec 09 02:22:44 UTC 2025","passed","Tue Dec 09 02:22:44 UTC 2025","Const: routesDir.api","consts.ts tests","",""
"","1","User Module - isUserAllowed Tests","@withstudiocms/auth-kit Package Tests","Tue Dec 09 02:22:37 UTC 2025","passed","Tue Dec 09 02:22:37 UTC 2025","isUserAllowed Tests","User Module Tests","",""
"","0","parse Invalid Test Case #4","@studiocms/wysiwyg Package Tests","Tue Dec 09 02:23:09 UTC 2025","passed","Tue Dec 09 02:23:09 UTC 2025","parse Function Invalid Input Tests","Utils Tests","",""
"","33","Kysely client can perform a simple query","@withstudiocms/kysely Package Tests","Tue Dec 09 02:22:59 UTC 2025","passed","Tue Dec 09 02:22:59 UTC 2025","Kysely client can perform a simple query","Client Core Functionality","",""
"","4","User Utility - verifyUsernameLength","@withstudiocms/auth-kit Package Tests","Tue Dec 09 02:22:57 UTC 2025","passed","Tue Dec 09 02:22:57 UTC 2025","verifyUsernameLength Tests","User Utility Tests","",""
"","0","decodeCodePoint with input: 128 (Deprecated)","@withstudiocms/component-registry Package Tests","Tue Dec 09 02:23:20 UTC 2025","passed","Tue Dec 09 02:23:20 UTC 2025","decodeCodePoint Tests (Deprecated)","Component Proxy Tests","",""
"","1","Utility - integrationLogger does not log info/debug when verbose is false for logLevel info","@withstudiocms/component-registry Package Tests","Tue Dec 09 02:22:37 UTC 2025","passed","Tue Dec 09 02:22:37 UTC 2025","integrationLogger Tests","Utility Tests","",""
"","5","WYSIWYGSchema Test Case #1","@studiocms/wysiwyg Package Tests","Tue Dec 09 02:23:07 UTC 2025","passed","Tue Dec 09 02:23:07 UTC 2025","WYSIWYGSchema Validation Tests","WYSIWYG Types Tests","",""
"","1","VirtualModuleBuilder - ambientScripts imports all modules","studiocms Package Tests","Tue Dec 09 02:22:49 UTC 2025","passed","Tue Dec 09 02:22:49 UTC 2025","VirtualModuleBuilder - ambientScripts test","Virtual Module Utils tests","",""
"","1","Scrypt - ScryptConfigOptions should accept Buffer as encryptionKey","@withstudiocms/effect Package Tests","Tue Dec 09 02:22:33 UTC 2025","passed","Tue Dec 09 02:22:33 UTC 2025","ScryptConfigOptions Tests","Scrypt Service Tests","",""
"","3","buildPostgresTriggerSQL builds correct SQL","@withstudiocms/kysely Package Tests","Tue Dec 09 02:22:48 UTC 2025","passed","Tue Dec 09 02:22:48 UTC 2025","buildPostgresTriggerSQL Utility","Trigger Utilities","",""
"","1","User Utility - verifyUsernameSafe","@withstudiocms/auth-kit Package Tests","Tue Dec 09 02:22:57 UTC 2025","passed","Tue Dec 09 02:22:57 UTC 2025","verifyUsernameSafe Tests","User Utility Tests","",""
"","3","WYSIWYG Editor Component Test Case #5","@studiocms/wysiwyg Package Tests","Tue Dec 09 02:23:24 UTC 2025","passed","Tue Dec 09 02:23:24 UTC 2025","WYSIWYG Editor Component Tests","StudioCMS WYSIWYG Plugin Tests","",""
"","1","resolveBuiltIns test case #6","studiocms Package Tests","Tue Dec 09 02:23:22 UTC 2025","passed","Tue Dec 09 02:23:22 UTC 2025","resolveBuiltIns tests","Integrations tests (Node Namespace Built-ins)","",""
"","10","Buildkit CLI - Dev command sets up watch","@withstudiocms/buildkit Package Tests","Tue Dec 09 02:22:54 UTC 2025","passed","Tue Dec 09 02:22:54 UTC 2025","Buildkit CLI - Dev command sets up watch","CLI Tests","",""
"","5","dashboardConfigSchema optional test case #1","studiocms Package Tests","Tue Dec 09 02:23:20 UTC 2025","passed","Tue Dec 09 02:23:20 UTC 2025","dashboardConfigSchema tests","Config Schemas tests (Dashboard)","",""
"","5","createURLGenFactory - Dashboard route with path","@withstudiocms/internal_helpers Package Tests","Tue Dec 09 02:23:18 UTC 2025","passed","Tue Dec 09 02:23:18 UTC 2025","createURLGenFactory - Dashboard route with path","createURLGenFactory Tests","",""
"","1","sortByDate test case #3","studiocms Package Tests","Tue Dec 09 02:23:08 UTC 2025","passed","Tue Dec 09 02:23:08 UTC 2025","sortByDate test","Components Utils tests","",""
"","11","TryCatch - Functionality Tests","@withstudiocms/config-utils Package Tests","Tue Dec 09 02:23:25 UTC 2025","passed","Tue Dec 09 02:23:25 UTC 2025","Functionality Test Set","TryCatch Tests","",""
"","0","remapFilterSitemap should return correct locations for filter 'blog'","@studiocms/blog Package Tests","Tue Dec 09 02:23:13 UTC 2025","passed","Tue Dec 09 02:23:13 UTC 2025","remapFilterSitemap Various Cases","remapFilter Utility Tests","",""
"","1","SDKSchema test case #2","studiocms Package Tests","Tue Dec 09 02:22:54 UTC 2025","passed","Tue Dec 09 02:22:54 UTC 2025","SDKSchema tests","Config Schemas tests (SDK)","",""
"","47","Scrypt - makeScrypt returns error with invalid config","@withstudiocms/auth-kit Package Tests","Tue Dec 09 02:23:23 UTC 2025","passed","Tue Dec 09 02:23:23 UTC 2025","makeScrypt Tests","Default Module Tests","",""
"","4","Scrypt - Service Tests - Should work with key length: 128","@withstudiocms/effect Package Tests","Tue Dec 09 02:22:33 UTC 2025","passed","Tue Dec 09 02:22:33 UTC 2025","ScryptService Tests","Scrypt Service Tests","",""
"","0","CheckIfUnsafe.username - should return false for username ""not_reserved_user""","@withstudiocms/auth-kit Package Tests","Tue Dec 09 02:23:31 UTC 2025","passed","Tue Dec 09 02:23:31 UTC 2025","CheckIfUnsafe.username Tests","CheckIfUnsafe Tests","",""
"","1","Libravatar Utils - srvHostname with 2 records","@withstudiocms/auth-kit Package Tests","Tue Dec 09 02:22:44 UTC 2025","passed","Tue Dec 09 02:22:44 UTC 2025","srvHostname Tests","Libravatar Utility Tests","",""
"","0","Utility - dedent correctly dedents input","@withstudiocms/component-registry Package Tests","Tue Dec 09 02:22:37 UTC 2025","passed","Tue Dec 09 02:22:37 UTC 2025","dedent Tests","Utility Tests","",""
"","2","should create integration with custom options","@studiocms/devapps Package Tests","Tue Dec 09 02:23:23 UTC 2025","passed","Tue Dec 09 02:23:23 UTC 2025","Integration Creation Tests","StudioCMS DevApps Integration Tests","",""
"","1","Tag - should validate complete tag data","@studiocms/devapps Package Tests","Tue Dec 09 02:22:32 UTC 2025","passed","Tue Dec 09 02:22:32 UTC 2025","Tag Schema Tests","WordPress API Schema Tests","",""
"","0","stripLeadingSlash removes leading slash","@withstudiocms/internal_helpers Package Tests","Tue Dec 09 02:22:42 UTC 2025","passed","Tue Dec 09 02:22:42 UTC 2025","stripLeadingSlash removes leading slash","Path Generators Tests","",""
"","2","stripLeadingSlash('/hello') should return 'hello'","@studiocms/devapps Package Tests","Tue Dec 09 02:22:54 UTC 2025","passed","Tue Dec 09 02:22:54 UTC 2025","stripLeadingSlash Tests","pathGenerator Utility Function Tests","",""
"","1","Session Module - setOAuthSessionTokenCookie sets OAuth cookie","@withstudiocms/auth-kit Package Tests","Tue Dec 09 02:22:46 UTC 2025","passed","Tue Dec 09 02:22:46 UTC 2025","setOAuthSessionTokenCookie Tests","Session Module Tests","",""
"","0","decode - input: &copy;","@withstudiocms/component-registry Package Tests","Tue Dec 09 02:23:28 UTC 2025","passed","Tue Dec 09 02:23:28 UTC 2025","decode Tests","Component Proxy Tests","",""
"","1","validateUrl passes for valid sitemap url: http://example.com/sitemap.txt","studiocms Package Tests","Tue Dec 09 02:22:42 UTC 2025","passed","Tue Dec 09 02:22:42 UTC 2025","validateUrl valid sitemap url tests","Robots Core Utils","",""
"","22","UserQuickTools custom element instantiation","studiocms Package Tests","Tue Dec 09 02:23:37 UTC 2025","passed","Tue Dec 09 02:23:37 UTC 2025","custom element instantiation","UserQuickTools Virtual Script tests","",""
"","0","Libravatar Utils - sanitizedTarget","@withstudiocms/auth-kit Package Tests","Tue Dec 09 02:22:44 UTC 2025","passed","Tue Dec 09 02:22:44 UTC 2025","sanitizedTarget Tests","Libravatar Utility Tests","",""
"","0","isFaviconExt should return false for invalid extension","@studiocms/blog Package Tests","Tue Dec 09 02:22:53 UTC 2025","passed","Tue Dec 09 02:22:53 UTC 2025","isFaviconExt Function Tests","Type Definitions Tests","",""
"","4","Handler - resolver - returns Effect-wrapped resolver function that resolves paths correctly","@withstudiocms/component-registry Package Tests","Tue Dec 09 02:22:37 UTC 2025","passed","Tue Dec 09 02:22:37 UTC 2025","resolver Tests","Utility Tests","",""
"","1","Default Template Engine tests - template content validation","studiocms Package Tests","Tue Dec 09 02:23:26 UTC 2025","passed","Tue Dec 09 02:23:26 UTC 2025","Default Template Engine tests - template content validation","Default Template Engine tests","",""
"","0","Const: FAVICON_ASSETS.svg","studiocms Package Tests","Tue Dec 09 02:22:44 UTC 2025","passed","Tue Dec 09 02:22:44 UTC 2025","Const: FAVICON_ASSETS.svg","consts.ts tests","",""
"","4","Virtual Components Container tests - Generator component","studiocms Package Tests","Tue Dec 09 02:23:29 UTC 2025","passed","Tue Dec 09 02:23:29 UTC 2025","Virtual Components Container tests - Generator component","Virtual Components Container tests","",""
"","1","OpenClosedSchema should reject invalid value: ""inactive""","@studiocms/devapps Package Tests","Tue Dec 09 02:22:32 UTC 2025","passed","Tue Dec 09 02:22:32 UTC 2025","OpenClosedSchema Tests","WordPress API Schema Tests","",""
"","1","switchLanguage switches path to selected language","studiocms Package Tests","Tue Dec 09 02:22:59 UTC 2025","passed","Tue Dec 09 02:22:59 UTC 2025","switchLanguage tests","i18n Server Virtuals tests","",""
"","10","getUserPermissions test case #2","studiocms Package Tests","Tue Dec 09 02:22:51 UTC 2025","passed","Tue Dec 09 02:22:51 UTC 2025","getUserPermissions tests","Middleware Utils tests","",""
"","1","verifyUserPermissionLevel('admin', 'owner') should return false","studiocms Package Tests","Tue Dec 09 02:23:37 UTC 2025","passed","Tue Dec 09 02:23:37 UTC 2025","verifyUserPermissionLevel('admin', 'owner') should return false","UserQuickTools Virtual Script tests","",""
"","1","VirtualModuleBuilder - namedVirtual re-exports named export","studiocms Package Tests","Tue Dec 09 02:22:49 UTC 2025","passed","Tue Dec 09 02:22:49 UTC 2025","VirtualModuleBuilder - namedVirtual test","Virtual Module Utils tests","",""
"","1","defineStudioCMSConfig should infer the correct type","studiocms Package Tests","Tue Dec 09 02:23:26 UTC 2025","passed","Tue Dec 09 02:23:26 UTC 2025","defineStudioCMSConfig tests","config.ts tests","",""
"","0","ensureHtmlExtension adds .html if missing","@withstudiocms/internal_helpers Package Tests","Tue Dec 09 02:22:42 UTC 2025","passed","Tue Dec 09 02:22:42 UTC 2025","ensureHtmlExtension adds .html if missing","Path Generators Tests","",""
"","8","Deepmerge - Effect Service - merges two simple objects","@withstudiocms/effect Package Tests","Tue Dec 09 02:23:03 UTC 2025","passed","Tue Dec 09 02:23:03 UTC 2025","Deepmerge Effect Service Tests","Deepmerge Utility Tests","",""
"","1","StatusSchema should reject invalid value: ""active""","@studiocms/devapps Package Tests","Tue Dec 09 02:22:32 UTC 2025","passed","Tue Dec 09 02:22:32 UTC 2025","StatusSchema Tests","WordPress API Schema Tests","",""
"","0","remapFilterSitemap should return correct locations for filter 'blog'","@studiocms/blog Package Tests","Tue Dec 09 02:23:13 UTC 2025","passed","Tue Dec 09 02:23:13 UTC 2025","remapFilterSitemap Various Cases","remapFilter Utility Tests","",""
"","0","Utility - getIndent returns "" 	 "" for input "" 	 hello world""","@withstudiocms/component-registry Package Tests","Tue Dec 09 02:22:37 UTC 2025","passed","Tue Dec 09 02:22:37 UTC 2025","getIndent Tests","Utility Tests","",""
"","0","UseBlogPkgConfig - should create config with useBlogPkg: false","@studiocms/devapps Package Tests","Tue Dec 09 02:22:39 UTC 2025","passed","Tue Dec 09 02:22:39 UTC 2025","UseBlogPkgConfig Tests","WordPress API Config Tests","",""
"","1","User Module - doesUserExistByEmail Tests","@withstudiocms/auth-kit Package Tests","Tue Dec 09 02:22:37 UTC 2025","passed","Tue Dec 09 02:22:37 UTC 2025","doesUserExistByEmail Tests","User Module Tests","",""
"","2","withinLast30Days test case #1","studiocms Package Tests","Tue Dec 09 02:23:08 UTC 2025","passed","Tue Dec 09 02:23:08 UTC 2025","withinLast30Days test","Components Utils tests","",""
"","1","createURLGenFactory - Dashboard route with override","@withstudiocms/internal_helpers Package Tests","Tue Dec 09 02:23:18 UTC 2025","passed","Tue Dec 09 02:23:18 UTC 2025","createURLGenFactory - Dashboard route with override","createURLGenFactory Tests","",""
"","3735","SMTPService - Full Integration Test","@withstudiocms/effect Package Tests","Tue Dec 09 02:22:43 UTC 2025","passed","Tue Dec 09 02:22:47 UTC 2025","Integration Tests","SMTP Service Tests","",""
"","1","info does not log when verbose is false","@withstudiocms/internal_helpers Package Tests","Tue Dec 09 02:22:30 UTC 2025","passed","Tue Dec 09 02:22:30 UTC 2025","integrationLogger - info method","Astro Integration Utility Tests","",""
"","0","Middleware - matchFilterCheck","@withstudiocms/effect Package Tests","Tue Dec 09 02:22:53 UTC 2025","passed","Tue Dec 09 02:22:53 UTC 2025","matchFilterCheck Tests","Middleware Utility Tests","",""
"","3","PageList renders correctly with no blog posts","@studiocms/blog Package Tests","Tue Dec 09 02:22:41 UTC 2025","passed","Tue Dec 09 02:22:41 UTC 2025","PageList Component Tests","Component Tests","",""
"","0","decode - input: &lt;tag&gt;","@withstudiocms/component-registry Package Tests","Tue Dec 09 02:23:28 UTC 2025","passed","Tue Dec 09 02:23:28 UTC 2025","decode Tests","Component Proxy Tests","",""
"","0","Const: STUDIOCMS_CDN_URL","studiocms Package Tests","Tue Dec 09 02:22:44 UTC 2025","passed","Tue Dec 09 02:22:44 UTC 2025","Const: STUDIOCMS_CDN_URL","consts.ts tests","",""
"","1","should correctly parse custom config","@studiocms/blog Package Tests","Tue Dec 09 02:22:53 UTC 2025","passed","Tue Dec 09 02:22:53 UTC 2025","FrontEndConfigSchema Custom Config Tests","Type Definitions Tests","",""
"","1","makeDashboardRoute - should return correct route","studiocms Package Tests","Tue Dec 09 02:23:00 UTC 2025","passed","Tue Dec 09 02:23:00 UTC 2025","makeDashboardRoute test","Route Map Virtual tests","",""
"","34","KyselyTableManager can create and manage plugin tables","@withstudiocms/kysely Package Tests","Tue Dec 09 02:22:40 UTC 2025","passed","Tue Dec 09 02:22:40 UTC 2025","KyselyTableManager can create and manage plugin tables","Plugin Utilities","",""
"","6","allowedIdentifiers matches expected values","studiocms Package Tests","Tue Dec 09 02:23:08 UTC 2025","passed","Tue Dec 09 02:23:08 UTC 2025","allowedIdentifiers test","Components Utils tests","",""
"","1","generateHostContent returns empty string for host: true","studiocms Package Tests","Tue Dec 09 02:22:42 UTC 2025","passed","Tue Dec 09 02:22:42 UTC 2025","generateHostContent tests","Robots Core Utils","",""
"","1","buildNamedMultiExportVirtual - should export multiple named constants","studiocms Package Tests","Tue Dec 09 02:22:49 UTC 2025","passed","Tue Dec 09 02:22:49 UTC 2025","buildNamedMultiExportVirtual test","Virtual Module Utils tests","",""
"","0","SDKCacheSchema test case #2","studiocms Package Tests","Tue Dec 09 02:22:54 UTC 2025","passed","Tue Dec 09 02:22:54 UTC 2025","SDKCacheSchema tests","Config Schemas tests (SDK)","",""
"","0","Utility - getIndent returns "" "" for input "" hello world ""","@withstudiocms/component-registry Package Tests","Tue Dec 09 02:22:37 UTC 2025","passed","Tue Dec 09 02:22:37 UTC 2025","getIndent Tests","Utility Tests","",""
"","0","Utility - getIndent returns """" for input """"","@withstudiocms/component-registry Package Tests","Tue Dec 09 02:22:37 UTC 2025","passed","Tue Dec 09 02:22:37 UTC 2025","getIndent Tests","Utility Tests","",""
"","2","getFileSizeInKilobytes returns fractional for non-exact sizes","studiocms Package Tests","Tue Dec 09 02:23:18 UTC 2025","passed","Tue Dec 09 02:23:18 UTC 2025","getFileSizeInKilobytes fractional size test","Robots Utils","",""
"","1","AppsConfigSchema should parse config: {""libSQLViewer"":{""endpoint"":""https://example.com/api""},""wpImporter"":{""endpoint"":""https://example.com/wp-json/wp/v2""}}","@studiocms/devapps Package Tests","Tue Dec 09 02:22:55 UTC 2025","passed","Tue Dec 09 02:22:55 UTC 2025","AppsConfigSchema Tests","Schema Validation Tests","",""
"","1","createComponentProxy - decodes code prop for CodeBlock and CodeSpan components","@withstudiocms/component-registry Package Tests","Tue Dec 09 02:22:56 UTC 2025","passed","Tue Dec 09 02:22:56 UTC 2025","createComponentProxy Tests","Component Proxy Tests","",""
"","0","ensureLeadingSlash adds slash if missing","@withstudiocms/internal_helpers Package Tests","Tue Dec 09 02:22:42 UTC 2025","passed","Tue Dec 09 02:22:42 UTC 2025","ensureLeadingSlash adds slash if missing","Path Generators Tests","",""
"","0","Errors - prefixError - Should handle undefined error gracefully","@withstudiocms/component-registry Package Tests","Tue Dec 09 02:22:53 UTC 2025","passed","Tue Dec 09 02:22:53 UTC 2025","prefixError Tests","Error Tests","",""
"","0","parseCallouts returns correct value for opt: vitepress","@studiocms/md Package Tests","Tue Dec 09 02:23:15 UTC 2025","passed","Tue Dec 09 02:23:15 UTC 2025","parseCallouts Tests","markdown-prerender Module Tests","",""
"","0","should produce consistent results between resolve and resolveURL","@withstudiocms/internal_helpers Package Tests","Tue Dec 09 02:22:42 UTC 2025","passed","Tue Dec 09 02:22:42 UTC 2025","should produce consistent results between resolve and resolveURL","Path Resolver Tests","",""
"","0","pathWithBase - Strips leading slash and prepends one","@withstudiocms/internal_helpers Package Tests","Tue Dec 09 02:22:42 UTC 2025","passed","Tue Dec 09 02:22:42 UTC 2025","pathWithBase - Strips leading slash and prepends one","Path Generators Tests","",""
"","0","replaceCodePoint with input: 57343","@withstudiocms/component-registry Package Tests","Tue Dec 09 02:23:20 UTC 2025","passed","Tue Dec 09 02:23:20 UTC 2025","replaceCodePoint Tests","Component Proxy Tests","",""
"","8","renders markdown correctly for flavor: studiocms","@studiocms/md Package Tests","Tue Dec 09 02:23:15 UTC 2025","passed","Tue Dec 09 02:23:15 UTC 2025","Markdown Rendering Tests","markdown-prerender Module Tests","",""
"","1","Response Helpers - AllResponse","@withstudiocms/effect Package Tests","Tue Dec 09 02:22:42 UTC 2025","passed","Tue Dec 09 02:22:42 UTC 2025","AllResponse Tests","Response Helpers Tests","",""
"","0","Middleware - sortByPriority","@withstudiocms/effect Package Tests","Tue Dec 09 02:22:53 UTC 2025","passed","Tue Dec 09 02:22:53 UTC 2025","sortByPriority Tests","Middleware Utility Tests","",""
"","13","Should return original src when Cloudinary throws an error","@studiocms/cloudinary-image-service Package Tests","Tue Dec 09 02:22:35 UTC 2025","passed","Tue Dec 09 02:22:35 UTC 2025","Image URL Generation Tests","Cloudinary Image Service - Image URL Generation Tests","",""
"","2","should have a valid entry for image name: studiocms-blobs","studiocms Package Tests","Tue Dec 09 02:23:21 UTC 2025","passed","Tue Dec 09 02:23:21 UTC 2025","validImages individual entry tests","validImages Virtual tests","",""
"","0","should create resolver from process.cwd()","@withstudiocms/internal_helpers Package Tests","Tue Dec 09 02:22:42 UTC 2025","passed","Tue Dec 09 02:22:42 UTC 2025","should create resolver from process.cwd()","Path Resolver Tests","",""
"","1","should handle edge case dimensions: width=0, height=0","@studiocms/cloudinary-image-service Package Tests","Tue Dec 09 02:22:35 UTC 2025","passed","Tue Dec 09 02:22:35 UTC 2025","Image URL Generation Tests","Cloudinary Image Service - Image URL Generation Tests","",""
"","0","PostFormatSchema should validate value: ""gallery""","@studiocms/devapps Package Tests","Tue Dec 09 02:22:32 UTC 2025","passed","Tue Dec 09 02:22:32 UTC 2025","PostFormatSchema Tests","WordPress API Schema Tests","",""
"","15","WYSIWYG Grapes CSS Route Tests","@studiocms/wysiwyg Package Tests","Tue Dec 09 02:23:23 UTC 2025","passed","Tue Dec 09 02:23:23 UTC 2025","Grapes CSS Route Tests","WYSIWYG Grapes CSS Route Tests","",""
"","1","makeNonDashboardRoute - should return correct route","studiocms Package Tests","Tue Dec 09 02:23:00 UTC 2025","passed","Tue Dec 09 02:23:00 UTC 2025","makeNonDashboardRoute test","Route Map Virtual tests","",""
"","0","TemplateParser - Should return false when no variables exist (2)","@withstudiocms/template-lang Package Tests","Tue Dec 09 02:22:31 UTC 2025","passed","Tue Dec 09 02:22:31 UTC 2025","TemplateParser - Should return false when no variables exist (2)","TemplateParser Tests","",""
"","1","SDKSchema test case #5","studiocms Package Tests","Tue Dec 09 02:22:54 UTC 2025","passed","Tue Dec 09 02:22:54 UTC 2025","SDKSchema tests","Config Schemas tests (SDK)","",""
"","0","replaceCodePoint with input: -1","@withstudiocms/component-registry Package Tests","Tue Dec 09 02:22:47 UTC 2025","passed","Tue Dec 09 02:22:47 UTC 2025","replaceCodePoint Tests","Component Proxy Tests","",""
"","2","ColumnType with Select: string, Insert: number, Update: boolean","@withstudiocms/kysely Package Tests","Tue Dec 09 02:23:18 UTC 2025","passed","Tue Dec 09 02:23:18 UTC 2025","ColumnType Variants","Schema Definitions","",""
"","5","Plugin Hooks - Validates Hook Functionality","@studiocms/discord Package Tests","Tue Dec 09 02:23:01 UTC 2025","passed","Tue Dec 09 02:23:01 UTC 2025","Plugin Hooks Tests","Discord Plugin Tests","",""
"","64","Scrypt - makeScrypt test hash succeeds","@withstudiocms/auth-kit Package Tests","Tue Dec 09 02:23:23 UTC 2025","passed","Tue Dec 09 02:23:23 UTC 2025","makeScrypt Tests","Default Module Tests","",""
"","1","parseCallouts returns correct value for opt: obsidian","@studiocms/md Package Tests","Tue Dec 09 02:23:15 UTC 2025","passed","Tue Dec 09 02:23:15 UTC 2025","parseCallouts Tests","markdown-prerender Module Tests","",""
"","0","should accept valid favicon extension: /favicon.gif","@studiocms/blog Package Tests","Tue Dec 09 02:22:53 UTC 2025","passed","Tue Dec 09 02:22:53 UTC 2025","FrontEndConfigSchema Favicon Tests","Type Definitions Tests","",""
"","1","printInfo logs correctly for fileSize: 5, executionTime: 50","studiocms Package Tests","Tue Dec 09 02:22:42 UTC 2025","passed","Tue Dec 09 02:22:42 UTC 2025","printInfo tests","Robots Core Utils","",""
"","1","StudioCMSRoutes.authLinks.loginURL should be defined","studiocms Package Tests","Tue Dec 09 02:23:00 UTC 2025","passed","Tue Dec 09 02:23:00 UTC 2025","StudioCMSRoutes.authLinks.loginURL test","Route Map Virtual tests","",""
"","5","KyselyTableManager can Handle default values in table definitions","@withstudiocms/kysely Package Tests","Tue Dec 09 02:22:40 UTC 2025","passed","Tue Dec 09 02:22:40 UTC 2025","KyselyTableManager can Handle default values in table definitions","Plugin Utilities","",""
"","0","stripTrailingSlash('hello') should return 'hello'","@studiocms/devapps Package Tests","Tue Dec 09 02:22:54 UTC 2025","passed","Tue Dec 09 02:22:54 UTC 2025","stripTrailingSlash Tests","pathGenerator Utility Function Tests","",""
"","0","Middleware - sortByPriority","@withstudiocms/effect Package Tests","Tue Dec 09 02:22:53 UTC 2025","passed","Tue Dec 09 02:22:53 UTC 2025","sortByPriority Tests","Middleware Utility Tests","",""
"","1","Const: studioCMSSocials.discord","studiocms Package Tests","Tue Dec 09 02:22:44 UTC 2025","passed","Tue Dec 09 02:22:44 UTC 2025","Const: studioCMSSocials.discord","consts.ts tests","",""
"","5","updateSelectElmLabel updates select label for ""quux"" correctly","studiocms Package Tests","Tue Dec 09 02:23:37 UTC 2025","passed","Tue Dec 09 02:23:37 UTC 2025","updateSelectElmLabel tests","i18n Client Virtuals tests","",""
"","8","parses markdown input correctly","studiocms Package Tests","Tue Dec 09 02:23:30 UTC 2025","passed","Tue Dec 09 02:23:30 UTC 2025","parses markdown input correctly","tinyMDParser Utility tests","",""
"","0","DownloadPostImageConfig - should ensure config is defined","@studiocms/devapps Package Tests","Tue Dec 09 02:22:39 UTC 2025","passed","Tue Dec 09 02:22:39 UTC 2025","Configuration Validation Tests","WordPress API Config Tests","",""
"","0","Utility - convertHyphensToUnderscores converts ""hello-world"" to ""hello_world""","@withstudiocms/component-registry Package Tests","Tue Dec 09 02:22:37 UTC 2025","passed","Tue Dec 09 02:22:37 UTC 2025","convertHyphensToUnderscores Tests","Utility Tests","",""
"","8","developerConfigSchema test case #1","studiocms Package Tests","Tue Dec 09 02:23:29 UTC 2025","passed","Tue Dec 09 02:23:29 UTC 2025","developerConfigSchema tests","Config Schemas tests (Developer)","",""
"","1","createComponentProxy with input: {""Foo"":""bar""}","@withstudiocms/component-registry Package Tests","Tue Dec 09 02:22:56 UTC 2025","passed","Tue Dec 09 02:22:56 UTC 2025","createComponentProxy Tests","Component Proxy Tests","",""
"","1","StudioCMSRoutes.mainLinks.siteConfiguration should be defined","studiocms Package Tests","Tue Dec 09 02:23:00 UTC 2025","passed","Tue Dec 09 02:23:00 UTC 2025","StudioCMSRoutes.mainLinks.siteConfiguration test","Route Map Virtual tests","",""
"","1","Middleware - handlerFilter","@withstudiocms/effect Package Tests","Tue Dec 09 02:22:53 UTC 2025","passed","Tue Dec 09 02:22:53 UTC 2025","handlerFilter Tests","Middleware Utility Tests","",""
"","1","resolveBuiltIns test case #2","studiocms Package Tests","Tue Dec 09 02:23:22 UTC 2025","passed","Tue Dec 09 02:23:22 UTC 2025","resolveBuiltIns tests","Integrations tests (Node Namespace Built-ins)","",""
"","235","Virtual Components Container tests - CustomImage component","studiocms Package Tests","Tue Dec 09 02:23:29 UTC 2025","passed","Tue Dec 09 02:23:29 UTC 2025","Virtual Components Container tests - CustomImage component","Virtual Components Container tests","",""
"","6","should have correct type and default for htmlDefaultLanguage","@studiocms/blog Package Tests","Tue Dec 09 02:22:53 UTC 2025","passed","Tue Dec 09 02:22:53 UTC 2025","FrontEndConfigSchema Tests","Type Definitions Tests","",""
"","0","Default Values Test #2","@studiocms/html Package Tests","Tue Dec 09 02:23:19 UTC 2025","passed","Tue Dec 09 02:23:19 UTC 2025","Default Values Tests","HTMLSchema Type Tests","",""
"","1","validImage ""studiocms-curves"" should have non-null light and dark properties","studiocms Package Tests","Tue Dec 09 02:23:21 UTC 2025","passed","Tue Dec 09 02:23:21 UTC 2025","validImages local image light/dark tests","validImages Virtual tests","",""
"","0","decodeHTML with input: foo & bar","@withstudiocms/component-registry Package Tests","Tue Dec 09 02:22:47 UTC 2025","passed","Tue Dec 09 02:22:47 UTC 2025","decodeHTML Tests","Component Proxy Tests","",""
"","3","decode - input: &lt;tag&gt;","@withstudiocms/component-registry Package Tests","Tue Dec 09 02:23:28 UTC 2025","passed","Tue Dec 09 02:23:28 UTC 2025","decode Tests","Component Proxy Tests","",""
"","1","PostFormatSchema should reject invalid value: ""custom""","@studiocms/devapps Package Tests","Tue Dec 09 02:22:32 UTC 2025","passed","Tue Dec 09 02:22:32 UTC 2025","PostFormatSchema Tests","WordPress API Schema Tests","",""
"","0","stripHtmlExtension removes .html extension","@withstudiocms/internal_helpers Package Tests","Tue Dec 09 02:22:42 UTC 2025","passed","Tue Dec 09 02:22:42 UTC 2025","stripHtmlExtension removes .html extension","Path Generators Tests","",""
"","1","Post - should validate complete post data","@studiocms/devapps Package Tests","Tue Dec 09 02:22:32 UTC 2025","passed","Tue Dec 09 02:22:32 UTC 2025","Post Schema Tests","WordPress API Schema Tests","",""
"","0","Utility - convertHyphensToUnderscores converts """" to """"","@withstudiocms/component-registry Package Tests","Tue Dec 09 02:22:37 UTC 2025","passed","Tue Dec 09 02:22:37 UTC 2025","convertHyphensToUnderscores Tests","Utility Tests","",""
"","1","TemplateParser - Should parse multiple variables","@withstudiocms/template-lang Package Tests","Tue Dec 09 02:22:31 UTC 2025","passed","Tue Dec 09 02:22:31 UTC 2025","TemplateParser - Should parse multiple variables","TemplateParser Tests","",""
"","1","Deepmerge - respects custom options for merging arrays","@withstudiocms/effect Package Tests","Tue Dec 09 02:23:02 UTC 2025","passed","Tue Dec 09 02:23:02 UTC 2025","deepmerge Effect Tests","Deepmerge Utility Tests","",""
"","3","SMTPService - Transport Status Methods (getVersionString)","@withstudiocms/effect Package Tests","Tue Dec 09 02:22:43 UTC 2025","passed","Tue Dec 09 02:22:43 UTC 2025","Transport Status Method Tests","SMTP Service Tests","",""
"","0","replaceCodePoint with input: 128","@withstudiocms/component-registry Package Tests","Tue Dec 09 02:23:20 UTC 2025","passed","Tue Dec 09 02:23:20 UTC 2025","replaceCodePoint Tests","Component Proxy Tests","",""
"","1","User Utility - verifyUsernameLength","@withstudiocms/auth-kit Package Tests","Tue Dec 09 02:22:57 UTC 2025","passed","Tue Dec 09 02:22:57 UTC 2025","verifyUsernameLength Tests","User Utility Tests","",""
"","0","pathGenerator('/api', 'https://example.com') should create correct path builder","@studiocms/devapps Package Tests","Tue Dec 09 02:22:54 UTC 2025","passed","Tue Dec 09 02:22:54 UTC 2025","pathGenerator Tests","pathGenerator Utility Function Tests","",""
"","1","Scrypt - ScryptConfigOptions should handle valid options","@withstudiocms/effect Package Tests","Tue Dec 09 02:22:33 UTC 2025","passed","Tue Dec 09 02:22:33 UTC 2025","ScryptConfigOptions Tests","Scrypt Service Tests","",""
"","4","makePublicRoute('images') should return 'public/studiocms-resources/images/'","studiocms Package Tests","Tue Dec 09 02:23:34 UTC 2025","passed","Tue Dec 09 02:23:34 UTC 2025","makePublicRoute test","Make Public Route Virtual tests","",""
"","1398","SMTPService - Should fail to send email with invalid options","@withstudiocms/effect Package Tests","Tue Dec 09 02:22:42 UTC 2025","passed","Tue Dec 09 02:22:43 UTC 2025","Mail Sending Tests","SMTP Service Tests","",""
"","45","Scrypt - Service Tests - Should derive keys correctly","@withstudiocms/effect Package Tests","Tue Dec 09 02:22:33 UTC 2025","passed","Tue Dec 09 02:22:33 UTC 2025","ScryptService Tests","Scrypt Service Tests","",""
"returns empty string for input with only underscores","0","convertToSafeString - returns empty string for input with only underscores","@withstudiocms/internal_helpers Package Tests","Tue Dec 09 02:22:33 UTC 2025","passed","Tue Dec 09 02:22:33 UTC 2025","convertToSafeString - returns empty string for input with only underscores","Utility Functions","",""
"","0","TemplateParser - Should return true when variables exist (1)","@withstudiocms/template-lang Package Tests","Tue Dec 09 02:22:31 UTC 2025","passed","Tue Dec 09 02:22:31 UTC 2025","TemplateParser - Should return true when variables exist (1)","TemplateParser Tests","",""
"","24","Buildkit CLI - build command with entry point","@withstudiocms/buildkit Package Tests","Tue Dec 09 02:23:03 UTC 2025","passed","Tue Dec 09 02:23:03 UTC 2025","Buildkit CLI - build command with entry point","CLI Tests","",""
"","0","TemplateEngine - Should handle templates with no variables","@withstudiocms/template-lang Package Tests","Tue Dec 09 02:22:31 UTC 2025","passed","Tue Dec 09 02:22:31 UTC 2025","TemplateEngine - Should handle templates with no variables","TemplateEngine Tests","",""
"","1","StatusSchema should validate value: ""publish""","@studiocms/devapps Package Tests","Tue Dec 09 02:22:32 UTC 2025","passed","Tue Dec 09 02:22:32 UTC 2025","StatusSchema Tests","WordPress API Schema Tests","",""
"","6","Plugin Hooks - Validates Hook Implementations and Behaviors","@studiocms/mdx Package Tests","Tue Dec 09 02:22:53 UTC 2025","passed","Tue Dec 09 02:22:53 UTC 2025","Plugin Hooks Tests","studiocmsMDX Plugin Tests","",""
"","4","Response Helpers - createJsonResponse","@withstudiocms/effect Package Tests","Tue Dec 09 02:22:42 UTC 2025","passed","Tue Dec 09 02:22:42 UTC 2025","createJsonResponse Tests","Response Helpers Tests","",""
"","4","CheckIfUnsafe.username - should return true for username ""admin""","@withstudiocms/auth-kit Package Tests","Tue Dec 09 02:23:31 UTC 2025","passed","Tue Dec 09 02:23:31 UTC 2025","CheckIfUnsafe.username Tests","CheckIfUnsafe Tests","",""
"","78","produces an effect that dies with the correct error message for DialectDeterminationError","@withstudiocms/kysely Package Tests","Tue Dec 09 02:23:33 UTC 2025","passed","Tue Dec 09 02:23:34 UTC 2025","handleCause Utility","Error Utilities","",""
"","0","Middleware - handlerFilter","@withstudiocms/effect Package Tests","Tue Dec 09 02:22:53 UTC 2025","passed","Tue Dec 09 02:22:53 UTC 2025","handlerFilter Tests","Middleware Utility Tests","",""
"","2","Password Utility - breakSecurePassword throws error for input ""legacy:salt:hash""","@withstudiocms/auth-kit Package Tests","Tue Dec 09 02:22:57 UTC 2025","passed","Tue Dec 09 02:22:57 UTC 2025","breakSecurePassword Error Handling Tests","Password Utility Tests","",""
"","0","Middleware - handlerFilter","@withstudiocms/effect Package Tests","Tue Dec 09 02:22:53 UTC 2025","passed","Tue Dec 09 02:22:53 UTC 2025","handlerFilter Tests","Middleware Utility Tests","",""
"","1","sortByDate test case #6","studiocms Package Tests","Tue Dec 09 02:23:08 UTC 2025","passed","Tue Dec 09 02:23:08 UTC 2025","sortByDate test","Components Utils tests","",""
"","0","decodeCodePoint with input: 136 (Deprecated)","@withstudiocms/component-registry Package Tests","Tue Dec 09 02:23:20 UTC 2025","passed","Tue Dec 09 02:23:20 UTC 2025","decodeCodePoint Tests (Deprecated)","Component Proxy Tests","",""
"","1","Const: CMSNotificationSettingsId","studiocms Package Tests","Tue Dec 09 02:22:44 UTC 2025","passed","Tue Dec 09 02:22:44 UTC 2025","Const: CMSNotificationSettingsId","consts.ts tests","",""
"","1","authConfigSchema test case #2","studiocms Package Tests","Tue Dec 09 02:23:31 UTC 2025","passed","Tue Dec 09 02:23:31 UTC 2025","authConfigSchema tests","Config Schemas tests (Auth)","",""
"","0","UseBlogPkgConfig - should ensure config is defined","@studiocms/devapps Package Tests","Tue Dec 09 02:22:39 UTC 2025","passed","Tue Dec 09 02:22:39 UTC 2025","Configuration Validation Tests","WordPress API Config Tests","",""
"","0","Utility - getIndent returns ""		"" for input ""		hello world""","@withstudiocms/component-registry Package Tests","Tue Dec 09 02:22:37 UTC 2025","passed","Tue Dec 09 02:22:37 UTC 2025","getIndent Tests","Utility Tests","",""
"","0","ensureTrailingSlash adds slash if missing","@withstudiocms/internal_helpers Package Tests","Tue Dec 09 02:22:42 UTC 2025","passed","Tue Dec 09 02:22:42 UTC 2025","ensureTrailingSlash adds slash if missing","Path Generators Tests","",""
"","0","Libravatar Utils - serviceName for domain ""null"" with https=true","@withstudiocms/auth-kit Package Tests","Tue Dec 09 02:22:44 UTC 2025","passed","Tue Dec 09 02:22:44 UTC 2025","serviceName Tests","Libravatar Utility Tests","",""
"","2","Clack - useClackErrorPromise returns Effect that succeeds with value if no error is thrown","@withstudiocms/effect Package Tests","Tue Dec 09 02:23:17 UTC 2025","passed","Tue Dec 09 02:23:17 UTC 2025","useClackErrorPromise Tests","Clack Wrapper Tests","",""
"","0","makePasswordModConfig with CMS_ENCRYPTION_KEY=""AAAAAAAAAAAAAAAAAAAAAAAAAAAAAAAAAAAAAAAAAAA="" throws error","@withstudiocms/auth-kit Package Tests","Tue Dec 09 02:22:44 UTC 2025","passed","Tue Dec 09 02:22:44 UTC 2025","makePasswordModConfig Tests","Config Tests","",""
"","0","ensureTrailingSlash adds slash if missing","@withstudiocms/internal_helpers Package Tests","Tue Dec 09 02:22:42 UTC 2025","passed","Tue Dec 09 02:22:42 UTC 2025","ensureTrailingSlash adds slash if missing","Path Generators Tests","",""
"","2","User Module - verifyUsernameInput Tests","@withstudiocms/auth-kit Package Tests","Tue Dec 09 02:22:37 UTC 2025","passed","Tue Dec 09 02:22:37 UTC 2025","verifyUsernameInput Tests","User Module Tests","",""
"","3","Components Container tests - PageHeader with badge and icon component","studiocms Package Tests","Tue Dec 09 02:23:13 UTC 2025","passed","Tue Dec 09 02:23:13 UTC 2025","Components Container tests - PageHeader with badge and icon component","Components Container tests","",""
"","1","Const: GhostUserDefaults.name","studiocms Package Tests","Tue Dec 09 02:22:44 UTC 2025","passed","Tue Dec 09 02:22:44 UTC 2025","Const: GhostUserDefaults.name","consts.ts tests","",""
"","2","should handle special characters and unicode content","@studiocms/mdx Package Tests","Tue Dec 09 02:22:39 UTC 2025","passed","Tue Dec 09 02:22:39 UTC 2025","MDX Rendering Tests","renderMDX Function Tests","",""
"","6","info logs message at specified logLevel when verbose is true","@withstudiocms/internal_helpers Package Tests","Tue Dec 09 02:22:30 UTC 2025","passed","Tue Dec 09 02:22:30 UTC 2025","integrationLogger - info method","Astro Integration Utility Tests","",""
"","1","resolveBuiltIns test case #9","studiocms Package Tests","Tue Dec 09 02:23:22 UTC 2025","passed","Tue Dec 09 02:23:22 UTC 2025","resolveBuiltIns tests","Integrations tests (Node Namespace Built-ins)","",""
"","1","AppsConfigSchema should parse config: undefined","@studiocms/devapps Package Tests","Tue Dec 09 02:22:55 UTC 2025","passed","Tue Dec 09 02:22:55 UTC 2025","AppsConfigSchema Tests","Schema Validation Tests","",""
"","0","User Utility - verifyUsernameLength","@withstudiocms/auth-kit Package Tests","Tue Dec 09 02:22:57 UTC 2025","passed","Tue Dec 09 02:22:57 UTC 2025","verifyUsernameLength Tests","User Utility Tests","",""
"","1","quoteIdent correctly quotes identifier for sqlite","@withstudiocms/kysely Package Tests","Tue Dec 09 02:22:48 UTC 2025","passed","Tue Dec 09 02:22:48 UTC 2025","quoteIdent Utility","Trigger Utilities","",""
"","1","error logs when verbose is false","@withstudiocms/internal_helpers Package Tests","Tue Dec 09 02:22:30 UTC 2025","passed","Tue Dec 09 02:22:30 UTC 2025","integrationLogger - error method","Astro Integration Utility Tests","",""
"","1","SDKCacheSchema test case #4","studiocms Package Tests","Tue Dec 09 02:22:54 UTC 2025","passed","Tue Dec 09 02:22:54 UTC 2025","SDKCacheSchema tests","Config Schemas tests (SDK)","",""
"","1","toUpperKeyword correctly uppercases SQL keyword ""update""","@withstudiocms/kysely Package Tests","Tue Dec 09 02:22:48 UTC 2025","passed","Tue Dec 09 02:22:48 UTC 2025","toUpperKeyword Utility","Trigger Utilities","",""
"","1","Password Utility - verifyPasswordLength - should return ""Password must be between 6 and 255 characters long."" for input ""123""","@withstudiocms/auth-kit Package Tests","Tue Dec 09 02:22:57 UTC 2025","passed","Tue Dec 09 02:22:57 UTC 2025","verifyPasswordLength Tests","Password Utility Tests","",""
"","5","studiocms:config:setup Hook - Configures Auth0 OAuth Provider","@studiocms/auth0 Package Tests","Tue Dec 09 02:23:03 UTC 2025","passed","Tue Dec 09 02:23:03 UTC 2025","studiocms:config:setup Hook Tests","Auth0 Plugin Tests","",""
"","0","stripLeadingAndTrailingSlashes removes both","@withstudiocms/internal_helpers Package Tests","Tue Dec 09 02:22:42 UTC 2025","passed","Tue Dec 09 02:22:42 UTC 2025","stripLeadingAndTrailingSlashes removes both","Path Generators Tests","",""
"","55","Libravatar Utils - getAvatarUrl returns valid URL for openid ""https://openid.example.com/user""","@withstudiocms/auth-kit Package Tests","Tue Dec 09 02:22:44 UTC 2025","passed","Tue Dec 09 02:22:44 UTC 2025","getAvatarUrl Tests","Libravatar Utility Tests","",""
"","0","decodeCodePoint with input: 65 (Deprecated)","@withstudiocms/component-registry Package Tests","Tue Dec 09 02:23:20 UTC 2025","passed","Tue Dec 09 02:23:20 UTC 2025","decodeCodePoint Tests (Deprecated)","Component Proxy Tests","",""
"","6","Plugin Creation - Validates Plugin Structure","@studiocms/github Package Tests","Tue Dec 09 02:23:05 UTC 2025","passed","Tue Dec 09 02:23:05 UTC 2025","Plugin Creation Tests","GitHub Plugin Tests","",""
"","0","parse('{""users"":[{""id"":1,""name"":""John"",""active"":true},{""id"":2,""name"":""Jane"",""active"":false}],""metadata"":{""total"":2,""page"":1,""hasMore"":false}}') should return expected object","@studiocms/wysiwyg Package Tests","Tue Dec 09 02:23:09 UTC 2025","passed","Tue Dec 09 02:23:09 UTC 2025","parse Function Tests","Utils Tests","",""
"","1","should list available UI translations","studiocms Package Tests","Tue Dec 09 02:23:15 UTC 2025","passed","Tue Dec 09 02:23:15 UTC 2025","uiTranslationsAvailable tests","i18n Config tests","",""
"","29","Layout Container tests - FirstTimeSetupLayout component","studiocms Package Tests","Tue Dec 09 02:23:33 UTC 2025","passed","Tue Dec 09 02:23:33 UTC 2025","Layout Container tests - FirstTimeSetupLayout component","Layout Container tests","",""
"","0","should handle empty JSON object","@studiocms/cloudinary-image-service Package Tests","Tue Dec 09 02:22:54 UTC 2025","passed","Tue Dec 09 02:22:54 UTC 2025","readJson Functionality Tests","readJson Utility Function Tests","",""
"","1","pluginLogger forks logger with correct label for id ""astro-integration""","@withstudiocms/internal_helpers Package Tests","Tue Dec 09 02:22:30 UTC 2025","passed","Tue Dec 09 02:22:30 UTC 2025","pluginLogger - id: astro-integration","Astro Integration Utility Tests","",""
"","1","ColumnType with Select: number, Insert: number, Update: number","@withstudiocms/kysely Package Tests","Tue Dec 09 02:23:18 UTC 2025","passed","Tue Dec 09 02:23:18 UTC 2025","ColumnType Variants","Schema Definitions","",""
"","0","TemplateRenderer - Number conversion to string","@withstudiocms/template-lang Package Tests","Tue Dec 09 02:22:31 UTC 2025","passed","Tue Dec 09 02:22:31 UTC 2025","TemplateRenderer - Number conversion to string","TemplateRenderer Tests","",""
"","15","ComponentRegistry - getAllComponents - multiple components registered","@withstudiocms/component-registry Package Tests","Tue Dec 09 02:22:34 UTC 2025","passed","Tue Dec 09 02:22:34 UTC 2025","getAllComponents Tests","Component Registry Tests","",""
"","1","CheckIfUnsafe.password - should return true for password ""password""","@withstudiocms/auth-kit Package Tests","Tue Dec 09 02:23:31 UTC 2025","passed","Tue Dec 09 02:23:31 UTC 2025","CheckIfUnsafe.password Tests","CheckIfUnsafe Tests","",""
"","5","safeString test case #1","studiocms Package Tests","Tue Dec 09 02:23:29 UTC 2025","passed","Tue Dec 09 02:23:29 UTC 2025","safeString tests","Dynamic Sitemap Integration and Utils","",""
"","5","Session Utility - makeSessionId returns a valid hex string for a token","@withstudiocms/auth-kit Package Tests","Tue Dec 09 02:23:16 UTC 2025","passed","Tue Dec 09 02:23:16 UTC 2025","makeSessionId Tests","Session Utility Tests","",""
"","2","should generate default head tags without optional ogImage and canonical","studiocms Package Tests","Tue Dec 09 02:23:06 UTC 2025","passed","Tue Dec 09 02:23:06 UTC 2025","headDefaults test","Head Defaults Virtual tests","",""
"","0","Utility - convertUnderscoresToHyphens converts ""hello__world"" to ""hello--world""","@withstudiocms/component-registry Package Tests","Tue Dec 09 02:22:37 UTC 2025","passed","Tue Dec 09 02:22:37 UTC 2025","convertUnderscoresToHyphens Tests","Utility Tests","",""
"","2","prevents default event behavior","studiocms Package Tests","Tue Dec 09 02:23:37 UTC 2025","passed","Tue Dec 09 02:23:37 UTC 2025","formListener prevent default test","Form Listener tests","",""
"","0","WYSIWYGSchema Test Case #2","@studiocms/wysiwyg Package Tests","Tue Dec 09 02:23:07 UTC 2025","passed","Tue Dec 09 02:23:07 UTC 2025","WYSIWYGSchema Validation Tests","WYSIWYG Types Tests","",""
"trims leading and trailing underscores","0","convertToSafeString - trims leading and trailing underscores","@withstudiocms/internal_helpers Package Tests","Tue Dec 09 02:22:33 UTC 2025","passed","Tue Dec 09 02:22:33 UTC 2025","convertToSafeString - trims leading and trailing underscores","Utility Functions","",""
"","1","StudioCMSRoutes.mainLinks.baseSiteURL should be defined","studiocms Package Tests","Tue Dec 09 02:23:00 UTC 2025","passed","Tue Dec 09 02:23:00 UTC 2025","StudioCMSRoutes.mainLinks.baseSiteURL test","Route Map Virtual tests","",""
"","10","should create integration with default options","@studiocms/devapps Package Tests","Tue Dec 09 02:23:23 UTC 2025","passed","Tue Dec 09 02:23:23 UTC 2025","Integration Creation Tests","StudioCMS DevApps Integration Tests","",""
"","1","StudioCMSRoutes.mainLinks.dashboardIndex should be defined","studiocms Package Tests","Tue Dec 09 02:23:00 UTC 2025","passed","Tue Dec 09 02:23:00 UTC 2025","StudioCMSRoutes.mainLinks.dashboardIndex test","Route Map Virtual tests","",""
"","133","PostHeader renders correctly","@studiocms/blog Package Tests","Tue Dec 09 02:22:41 UTC 2025","passed","Tue Dec 09 02:22:41 UTC 2025","PostHeader Component Tests","Component Tests","",""
"","0","verifyUserPermissionLevel('unknown', 'visitor') should return false","studiocms Package Tests","Tue Dec 09 02:23:37 UTC 2025","passed","Tue Dec 09 02:23:37 UTC 2025","verifyUserPermissionLevel('unknown', 'visitor') should return false","UserQuickTools Virtual Script tests","",""
"","1","sortByDate test case #7","studiocms Package Tests","Tue Dec 09 02:23:08 UTC 2025","passed","Tue Dec 09 02:23:08 UTC 2025","sortByDate test","Components Utils tests","",""
"","2","Session Utility - makeExpirationDate throws SessionError if expTime is not a number","@withstudiocms/auth-kit Package Tests","Tue Dec 09 02:23:16 UTC 2025","passed","Tue Dec 09 02:23:16 UTC 2025","makeExpirationDate Error Handling Tests","Session Utility Tests","",""
"","9","Components Container tests - OAuthButtonStack component","studiocms Package Tests","Tue Dec 09 02:23:13 UTC 2025","passed","Tue Dec 09 02:23:13 UTC 2025","Components Container tests - OAuthButtonStack component","Components Container tests","",""
"","291","Kysely migrator can perform migrations","@withstudiocms/kysely Package Tests","Tue Dec 09 02:23:32 UTC 2025","passed","Tue Dec 09 02:23:32 UTC 2025","Kysely migrator can perform migrations","Migrator Core Functionality","",""
"","8","should generate Cloudinary URL for local image","@studiocms/cloudinary-image-service Package Tests","Tue Dec 09 02:22:35 UTC 2025","passed","Tue Dec 09 02:22:35 UTC 2025","Image URL Generation Tests","Cloudinary Image Service - Image URL Generation Tests","",""
"","1","PropsParser - extractPropsFromAstroFile - extract Props type alias from Astro File","@withstudiocms/component-registry Package Tests","Tue Dec 09 02:23:04 UTC 2025","passed","Tue Dec 09 02:23:04 UTC 2025","extractPropsFromAstroFile Tests","Props Parser Tests","",""
"","0","decodeCodePoint with input: 153 (Deprecated)","@withstudiocms/component-registry Package Tests","Tue Dec 09 02:23:20 UTC 2025","passed","Tue Dec 09 02:23:20 UTC 2025","decodeCodePoint Tests (Deprecated)","Component Proxy Tests","",""
"","1","generateContent throws for invalid config: {""policy"":[{""userAgent"":""*"",""allow"":[""/""],""disallow"":[""/private""],""crawlDelay"":""fast""}],""sitemap"":false,""host"":false}","studiocms Package Tests","Tue Dec 09 02:22:42 UTC 2025","passed","Tue Dec 09 02:22:42 UTC 2025","generateContent invalid config tests","Robots Core Utils","",""
"","0","decodeHTML with input: foo &invalid bar","@withstudiocms/component-registry Package Tests","Tue Dec 09 02:22:47 UTC 2025","passed","Tue Dec 09 02:22:47 UTC 2025","decodeHTML Tests","Component Proxy Tests","",""
"","2","StudioCMSOptionsSchema invalid data test case #1","studiocms Package Tests","Tue Dec 09 02:23:04 UTC 2025","passed","Tue Dec 09 02:23:04 UTC 2025","StudioCMSOptionsSchema tests","Config Schemas tests (Index)","",""
"","1","verifyUserPermissionLevel('visitor', 'editor') should return false","studiocms Package Tests","Tue Dec 09 02:23:37 UTC 2025","passed","Tue Dec 09 02:23:37 UTC 2025","verifyUserPermissionLevel('visitor', 'editor') should return false","UserQuickTools Virtual Script tests","",""
"","0","decodeXML with input: Caf&#233;","@withstudiocms/component-registry Package Tests","Tue Dec 09 02:22:47 UTC 2025","passed","Tue Dec 09 02:22:47 UTC 2025","decodeXML Tests","Component Proxy Tests","",""
"","17","PageList renders correctly with blog posts","@studiocms/blog Package Tests","Tue Dec 09 02:22:41 UTC 2025","passed","Tue Dec 09 02:22:41 UTC 2025","PageList Component Tests","Component Tests","",""
"","0","fromCodePoint with input: 8364","@withstudiocms/component-registry Package Tests","Tue Dec 09 02:23:20 UTC 2025","passed","Tue Dec 09 02:23:20 UTC 2025","fromCodePoint Tests","Component Proxy Tests","",""
"","0","Utility - convertHyphensToUnderscores converts ""hello--world"" to ""hello__world""","@withstudiocms/component-registry Package Tests","Tue Dec 09 02:22:37 UTC 2025","passed","Tue Dec 09 02:22:37 UTC 2025","convertHyphensToUnderscores Tests","Utility Tests","",""
"","0","FullPageData - should ensure config is defined","@studiocms/devapps Package Tests","Tue Dec 09 02:22:39 UTC 2025","passed","Tue Dec 09 02:22:39 UTC 2025","Configuration Validation Tests","WordPress API Config Tests","",""
"","1","User Module - doesUserExistByEmail Tests","@withstudiocms/auth-kit Package Tests","Tue Dec 09 02:22:37 UTC 2025","passed","Tue Dec 09 02:22:37 UTC 2025","doesUserExistByEmail Tests","User Module Tests","",""
"","3","StudioCMSRoutes.mainLinks.unverifiedEmail should be defined","studiocms Package Tests","Tue Dec 09 02:23:00 UTC 2025","passed","Tue Dec 09 02:23:00 UTC 2025","StudioCMSRoutes.mainLinks.unverifiedEmail test","Route Map Virtual tests","",""
"","0","Watcher Utils - exists Tests","@withstudiocms/config-utils Package Tests","Tue Dec 09 02:23:15 UTC 2025","passed","Tue Dec 09 02:23:15 UTC 2025","exists Test Set","Watcher Utility Tests","",""
"","1","useTranslations returns correct translation for key ""description""","studiocms Package Tests","Tue Dec 09 02:22:59 UTC 2025","passed","Tue Dec 09 02:22:59 UTC 2025","useTranslations tests","i18n Server Virtuals tests","",""
"","33","Editor component","@studiocms/html Package Tests","Tue Dec 09 02:23:36 UTC 2025","passed","Tue Dec 09 02:23:36 UTC 2025","Editor Component Tests","Editor Component Tests","",""
"","0","Middleware - matchFilterCheck","@withstudiocms/effect Package Tests","Tue Dec 09 02:22:53 UTC 2025","passed","Tue Dec 09 02:22:53 UTC 2025","matchFilterCheck Tests","Middleware Utility Tests","",""
"","5","ColumnTypesId symbol","@withstudiocms/kysely Package Tests","Tue Dec 09 02:23:18 UTC 2025","passed","Tue Dec 09 02:23:18 UTC 2025","ColumnTypesId Symbol","Schema Definitions","",""
"","32","WYSIWYG Editor Component Test Case #1","@studiocms/wysiwyg Package Tests","Tue Dec 09 02:23:24 UTC 2025","passed","Tue Dec 09 02:23:24 UTC 2025","WYSIWYG Editor Component Tests","StudioCMS WYSIWYG Plugin Tests","",""
"","0","Const: Next_MailerConfigId","studiocms Package Tests","Tue Dec 09 02:22:44 UTC 2025","passed","Tue Dec 09 02:22:44 UTC 2025","Const: Next_MailerConfigId","consts.ts tests","",""
"","1","TemplateEngine - Should allow updating options after creation","@withstudiocms/template-lang Package Tests","Tue Dec 09 02:22:31 UTC 2025","passed","Tue Dec 09 02:22:31 UTC 2025","TemplateEngine - Should allow updating options after creation","TemplateEngine Tests","",""
"","1","pluginLogger forks logger with correct label for id ""my-custom-plugin""","@withstudiocms/internal_helpers Package Tests","Tue Dec 09 02:22:30 UTC 2025","passed","Tue Dec 09 02:22:30 UTC 2025","pluginLogger - id: my-custom-plugin","Astro Integration Utility Tests","",""
"","5","validateHost passes for valid host: example.com","studiocms Package Tests","Tue Dec 09 02:22:42 UTC 2025","passed","Tue Dec 09 02:22:42 UTC 2025","validateHost valid host tests","Robots Core Utils","",""
"","0","MetaDataSchema should validate input: []","@studiocms/devapps Package Tests","Tue Dec 09 02:22:32 UTC 2025","passed","Tue Dec 09 02:22:32 UTC 2025","MetaDataSchema Tests","WordPress API Schema Tests","",""
"","1","remapFilterSitemap should return correct locations for filter 'docs'","@studiocms/blog Package Tests","Tue Dec 09 02:23:13 UTC 2025","passed","Tue Dec 09 02:23:13 UTC 2025","remapFilterSitemap Various Cases","remapFilter Utility Tests","",""
"","4","buildDefaultOnlyVirtual - should export the object as default","studiocms Package Tests","Tue Dec 09 02:22:49 UTC 2025","passed","Tue Dec 09 02:22:49 UTC 2025","buildDefaultOnlyVirtual test","Virtual Module Utils tests","",""
"","1","Const: NotificationSettingsDefaults.oAuthBypassVerification","studiocms Package Tests","Tue Dec 09 02:22:44 UTC 2025","passed","Tue Dec 09 02:22:44 UTC 2025","Const: NotificationSettingsDefaults.oAuthBypassVerification","consts.ts tests","",""
"","4","setLocals - merges plugins values without overwriting general/security","studiocms Package Tests","Tue Dec 09 02:22:51 UTC 2025","passed","Tue Dec 09 02:22:51 UTC 2025","setLocals tests - PLUGINS","Middleware Utils tests","",""
"","2","Schema test case #11 | Current Schema: DashboardPageSchema","studiocms Package Tests","Tue Dec 09 02:22:58 UTC 2025","passed","Tue Dec 09 02:22:58 UTC 2025","Schema Tests","Plugins Schemas tests (Shared)","",""
"","1","Buildkit CLI - help command with invalid command","@withstudiocms/buildkit Package Tests","Tue Dec 09 02:23:03 UTC 2025","passed","Tue Dec 09 02:23:03 UTC 2025","Buildkit CLI - help command with invalid command","CLI Tests","",""
"","2","formatNotificationOptions should format [account_updated, new_page, user_deleted] as ""account_updated, new_page, user_deleted""","studiocms Package Tests","Tue Dec 09 02:23:06 UTC 2025","passed","Tue Dec 09 02:23:06 UTC 2025","formatNotificationOptions should format [account_updated, new_page, user_deleted] as ""account_updated, new_page, user_deleted""","Notifier Client Virtual tests","",""
"","0","RawPageData - should ensure config is defined","@studiocms/devapps Package Tests","Tue Dec 09 02:22:39 UTC 2025","passed","Tue Dec 09 02:22:39 UTC 2025","Configuration Validation Tests","WordPress API Config Tests","",""
"","3","developerConfigSchema invalid data test case #1","studiocms Package Tests","Tue Dec 09 02:23:29 UTC 2025","passed","Tue Dec 09 02:23:29 UTC 2025","developerConfigSchema tests","Config Schemas tests (Developer)","",""
"","1","isDashboardRoute('/dashboard', '/dashboard') should return true","studiocms Package Tests","Tue Dec 09 02:23:37 UTC 2025","passed","Tue Dec 09 02:23:37 UTC 2025","isDashboardRoute('/dashboard', '/dashboard') should return true","UserQuickTools Virtual Script tests","",""
"","0","ensureLeadingAndTrailingSlashes adds both slashes","@withstudiocms/internal_helpers Package Tests","Tue Dec 09 02:22:42 UTC 2025","passed","Tue Dec 09 02:22:42 UTC 2025","ensureLeadingAndTrailingSlashes adds both slashes","Path Generators Tests","",""
"","1","makePasswordModConfig - clamps SCRYPT_N to nearest lower power of two","@withstudiocms/auth-kit Package Tests","Tue Dec 09 02:22:44 UTC 2025","passed","Tue Dec 09 02:22:44 UTC 2025","makePasswordModConfig Tests","Config Tests","",""
"","0","Libravatar Utils - sanitizedTarget","@withstudiocms/auth-kit Package Tests","Tue Dec 09 02:22:44 UTC 2025","passed","Tue Dec 09 02:22:44 UTC 2025","sanitizedTarget Tests","Libravatar Utility Tests","",""
"","1","TemplateRenderer - Should allow updating options","@withstudiocms/template-lang Package Tests","Tue Dec 09 02:22:31 UTC 2025","passed","Tue Dec 09 02:22:31 UTC 2025","TemplateRenderer - Should allow updating options","TemplateRenderer Tests","",""
"","0","decode-data-xml - should have the expected length","@withstudiocms/component-registry Package Tests","Tue Dec 09 02:23:27 UTC 2025","passed","Tue Dec 09 02:23:27 UTC 2025","decode-data-xml Tests","Component Proxy Tests","",""
"","1","User Module - getUserPermissionLevel returns correct enum","@withstudiocms/auth-kit Package Tests","Tue Dec 09 02:22:37 UTC 2025","passed","Tue Dec 09 02:22:37 UTC 2025","getUserPermissionLevel Tests","User Module Tests","",""
"","6","Plugin Creation - Validates Plugin Structure and Options","@studiocms/html Package Tests","Tue Dec 09 02:22:43 UTC 2025","passed","Tue Dec 09 02:22:43 UTC 2025","Plugin Creation Tests","studiocmsHTML Plugin Tests","",""
"","2","NumberArray should reject invalid inputs","@studiocms/devapps Package Tests","Tue Dec 09 02:22:32 UTC 2025","passed","Tue Dec 09 02:22:32 UTC 2025","NumberArray Tests","WordPress API Schema Tests","",""
"","1","Const: StudioCMSMarkdownDefaults.flavor","studiocms Package Tests","Tue Dec 09 02:22:44 UTC 2025","passed","Tue Dec 09 02:22:44 UTC 2025","Const: StudioCMSMarkdownDefaults.flavor","consts.ts tests","",""
"","1","oAuthButtonProviders should set showOAuth to true if any provider is enabled","studiocms Package Tests","Tue Dec 09 02:23:08 UTC 2025","passed","Tue Dec 09 02:23:08 UTC 2025","oAuthButtonProviders - showOAuth test","Components Utils tests","",""
"","0","PostFormatSchema should validate value: ""image""","@studiocms/devapps Package Tests","Tue Dec 09 02:22:32 UTC 2025","passed","Tue Dec 09 02:22:32 UTC 2025","PostFormatSchema Tests","WordPress API Schema Tests","",""
"","1","getLatestVersion - Returns cached version if dev mode and cache is fresh","@withstudiocms/internal_helpers Package Tests","Tue Dec 09 02:22:30 UTC 2025","passed","Tue Dec 09 02:22:31 UTC 2025","getLatestVersion - Returns cached version if dev mode and cache is fresh","Astro Integration Utility Tests","",""
"","1","generateContent throws for invalid config: {""policy"":[{""userAgent"":""*"",""allow"":[""/""],""disallow"":[""/private""],""crawlDelay"":100}],""sitemap"":false,""host"":false}","studiocms Package Tests","Tue Dec 09 02:22:42 UTC 2025","passed","Tue Dec 09 02:22:42 UTC 2025","generateContent invalid config tests","Robots Core Utils","",""
"","5","Notifier Client Virtual - notificationOptions contains expected values","studiocms Package Tests","Tue Dec 09 02:23:06 UTC 2025","passed","Tue Dec 09 02:23:06 UTC 2025","notificationOptions test","Notifier Client Virtual tests","",""
"","7","getFileSizeInKilobytes returns correct size","studiocms Package Tests","Tue Dec 09 02:23:18 UTC 2025","passed","Tue Dec 09 02:23:18 UTC 2025","getFileSizeInKilobytes test","Robots Utils","",""
"","1","getEditRoute - should return correct edit route","studiocms Package Tests","Tue Dec 09 02:23:00 UTC 2025","passed","Tue Dec 09 02:23:00 UTC 2025","getEditRoute test","Route Map Virtual tests","",""
"","1","CacheConfigSchema test case #1","studiocms Package Tests","Tue Dec 09 02:22:54 UTC 2025","passed","Tue Dec 09 02:22:54 UTC 2025","CacheConfigSchema tests","Config Schemas tests (SDK)","",""
"","1","Password Utility - verifyPasswordLength - should return ""undefined"" for input ""123456""","@withstudiocms/auth-kit Package Tests","Tue Dec 09 02:22:57 UTC 2025","passed","Tue Dec 09 02:22:57 UTC 2025","verifyPasswordLength Tests","Password Utility Tests","",""
"","1","defineStudioCMSConfig should return the config object unchanged","studiocms Package Tests","Tue Dec 09 02:23:26 UTC 2025","passed","Tue Dec 09 02:23:26 UTC 2025","defineStudioCMSConfig tests","config.ts tests","",""
"","0","Middleware - handlerFilter","@withstudiocms/effect Package Tests","Tue Dec 09 02:22:53 UTC 2025","passed","Tue Dec 09 02:22:53 UTC 2025","handlerFilter Tests","Middleware Utility Tests","",""
"","0","Utility - round-trip conversion of ""hello-world-test"" toUnderscores","@withstudiocms/component-registry Package Tests","Tue Dec 09 02:22:37 UTC 2025","passed","Tue Dec 09 02:22:37 UTC 2025","Round-Trip Conversion Tests","Utility Tests","",""
"","1","Context Utils - parseFormDataEntryToString","@withstudiocms/effect Package Tests","Tue Dec 09 02:22:46 UTC 2025","passed","Tue Dec 09 02:22:46 UTC 2025","parseFormDataEntryToString Tests","Context Utils Tests","",""
"","1","authConfigSchema test case #3","studiocms Package Tests","Tue Dec 09 02:23:31 UTC 2025","passed","Tue Dec 09 02:23:31 UTC 2025","authConfigSchema tests","Config Schemas tests (Auth)","",""
"","0","getHeroImage(' ', Astro) should return 'https://images.unsplash.com/photo-1707343843982-f8275f3994c5?q=80&w=1032&auto=format&fit=crop&ixlib=rb-4.0.3&ixid=M3wxMjA3fDF8MHxwaG90by1wYWdlfHx8fGVufDB8fHx8fA%3D%3D'","@studiocms/blog Package Tests","Tue Dec 09 02:23:09 UTC 2025","passed","Tue Dec 09 02:23:09 UTC 2025","getHeroImage Tests","Component Helper Tests","",""
"","0","ensureHtmlExtension adds .html if missing","@withstudiocms/internal_helpers Package Tests","Tue Dec 09 02:22:42 UTC 2025","passed","Tue Dec 09 02:22:42 UTC 2025","ensureHtmlExtension adds .html if missing","Path Generators Tests","",""
"","0","renderMarkDoc handles empty content","@studiocms/markdoc Package Tests","Tue Dec 09 02:22:44 UTC 2025","passed","Tue Dec 09 02:22:44 UTC 2025","renderMarkDoc Function Tests","MarkDoc Render Library Tests","",""
"","0","decodeHTML with input: foo &amp; bar","@withstudiocms/component-registry Package Tests","Tue Dec 09 02:22:47 UTC 2025","passed","Tue Dec 09 02:22:47 UTC 2025","decodeHTML Tests","Component Proxy Tests","",""
"","0","decodeHTML with input: 2 &lt; 3 &gt; 1","@withstudiocms/component-registry Package Tests","Tue Dec 09 02:22:47 UTC 2025","passed","Tue Dec 09 02:22:47 UTC 2025","decodeHTML Tests","Component Proxy Tests","",""
"","1","isDashboardRoute('/profile', '/dashboard') should return false","studiocms Package Tests","Tue Dec 09 02:23:37 UTC 2025","passed","Tue Dec 09 02:23:37 UTC 2025","isDashboardRoute('/profile', '/dashboard') should return false","UserQuickTools Virtual Script tests","",""
"","0","decode - input: &lt;tag&gt;","@withstudiocms/component-registry Package Tests","Tue Dec 09 02:23:28 UTC 2025","passed","Tue Dec 09 02:23:28 UTC 2025","decode Tests","Component Proxy Tests","",""
"","4","Middleware - matchFilterCheck","@withstudiocms/effect Package Tests","Tue Dec 09 02:22:53 UTC 2025","passed","Tue Dec 09 02:22:53 UTC 2025","matchFilterCheck Tests","Middleware Utility Tests","",""
"","0","Utility - convertUnderscoresToHyphens converts """" to """"","@withstudiocms/component-registry Package Tests","Tue Dec 09 02:22:37 UTC 2025","passed","Tue Dec 09 02:22:37 UTC 2025","convertUnderscoresToHyphens Tests","Utility Tests","",""
"","2","buildMySQLTriggerSQL builds correct SQL","@withstudiocms/kysely Package Tests","Tue Dec 09 02:22:48 UTC 2025","passed","Tue Dec 09 02:22:48 UTC 2025","buildMySQLTriggerSQL Utility","Trigger Utilities","",""
"","1","API Route - createEffectAPIRoutes","@withstudiocms/effect Package Tests","Tue Dec 09 02:22:35 UTC 2025","passed","Tue Dec 09 02:22:35 UTC 2025","createEffectAPIRoutes Tests","API Route Helpers Tests","",""
"","3","updateToggleElmLabel updates toggle label for ""toggle2"" correctly","studiocms Package Tests","Tue Dec 09 02:23:37 UTC 2025","passed","Tue Dec 09 02:23:37 UTC 2025","updateToggleElmLabel tests","i18n Client Virtuals tests","",""
"","2","Schema test case #8 | Current Schema: i18nLabelSchema","studiocms Package Tests","Tue Dec 09 02:22:58 UTC 2025","passed","Tue Dec 09 02:22:58 UTC 2025","Schema Tests","Plugins Schemas tests (Shared)","",""
"","0","UseBlogPkgConfig - should create config with useBlogPkg: true","@studiocms/devapps Package Tests","Tue Dec 09 02:22:39 UTC 2025","passed","Tue Dec 09 02:22:39 UTC 2025","UseBlogPkgConfig Tests","WordPress API Config Tests","",""
"","1","makeAPIRoute('base')('') should return '/studiocms_api/base/'","studiocms Package Tests","Tue Dec 09 02:23:05 UTC 2025","passed","Tue Dec 09 02:23:05 UTC 2025","makeAPIRoute test","Make API Route Virtual tests","",""
"","1","HeadConfigSchema - sortHead puts important tags first","@withstudiocms/internal_helpers Package Tests","Tue Dec 09 02:22:39 UTC 2025","passed","Tue Dec 09 02:22:39 UTC 2025","HeadConfigSchema - sortHead puts important tags first","HeadConfigSchema Tests","",""
"","1","Const: NotificationSettingsDefaults.requireAdminVerification","studiocms Package Tests","Tue Dec 09 02:22:44 UTC 2025","passed","Tue Dec 09 02:22:44 UTC 2025","Const: NotificationSettingsDefaults.requireAdminVerification","consts.ts tests","",""
"","25","ComponentRegistry - getComponentProps - registered component","@withstudiocms/component-registry Package Tests","Tue Dec 09 02:22:34 UTC 2025","passed","Tue Dec 09 02:22:34 UTC 2025","getComponentProps Tests","Component Registry Tests","",""
"","1","TransformHTML Sanitization Test Case","@withstudiocms/component-registry Package Tests","Tue Dec 09 02:22:52 UTC 2025","passed","Tue Dec 09 02:22:52 UTC 2025","transformHTML Sanitization Tests","TransformHTML Tests","",""
"","0","firstUpperCase('z') should return 'Z'","@studiocms/wysiwyg Package Tests","Tue Dec 09 02:23:09 UTC 2025","passed","Tue Dec 09 02:23:09 UTC 2025","firstUpperCase Function Tests","Utils Tests","",""
"","2","printInfo logs correctly for fileSize: 11, executionTime: 100","studiocms Package Tests","Tue Dec 09 02:22:42 UTC 2025","passed","Tue Dec 09 02:22:42 UTC 2025","printInfo tests","Robots Core Utils","",""
"","1","generateSitemapContent returns correct sitemap lines for config.sitemap: [""https://site/sitemap.xml"",""https://site/sitemap.txt""]","studiocms Package Tests","Tue Dec 09 02:22:42 UTC 2025","passed","Tue Dec 09 02:22:42 UTC 2025","generateSitemapContent tests","Robots Core Utils","",""
"","4","Buildkit CLI - build command with no entry points","@withstudiocms/buildkit Package Tests","Tue Dec 09 02:22:54 UTC 2025","passed","Tue Dec 09 02:22:54 UTC 2025","Buildkit CLI - build command with no entry points","CLI Tests","",""
"lowercases the result","0","convertToSafeString - lowercases the result","@withstudiocms/internal_helpers Package Tests","Tue Dec 09 02:22:33 UTC 2025","passed","Tue Dec 09 02:22:33 UTC 2025","convertToSafeString - lowercases the result","Utility Functions","",""
"","0","Errors - prefixError - Basic Functionality","@withstudiocms/component-registry Package Tests","Tue Dec 09 02:22:53 UTC 2025","passed","Tue Dec 09 02:22:53 UTC 2025","prefixError Tests","Error Tests","",""
"","0","Schema Invalid Input Test #2","@studiocms/html Package Tests","Tue Dec 09 02:23:19 UTC 2025","passed","Tue Dec 09 02:23:19 UTC 2025","Schema Invalid Input Tests","HTMLSchema Type Tests","",""
"","1","Zod Utils - deepRemoveDefaults Tests","@withstudiocms/config-utils Package Tests","Tue Dec 09 02:23:00 UTC 2025","passed","Tue Dec 09 02:23:00 UTC 2025","deepRemoveDefaults Test Set","Zod Utility Tests","",""
"","1","apiRoute('preview') should return '/studiocms_api/renderer/preview'","studiocms Package Tests","Tue Dec 09 02:23:05 UTC 2025","passed","Tue Dec 09 02:23:05 UTC 2025","apiRoute test","Make API Route Virtual tests","",""
"","0","NumberArray should validate input: []","@studiocms/devapps Package Tests","Tue Dec 09 02:22:32 UTC 2025","passed","Tue Dec 09 02:22:32 UTC 2025","NumberArray Tests","WordPress API Schema Tests","",""
"","1","Middleware - sortByPriority","@withstudiocms/effect Package Tests","Tue Dec 09 02:22:53 UTC 2025","passed","Tue Dec 09 02:22:53 UTC 2025","sortByPriority Tests","Middleware Utility Tests","",""
"","3","Components Container tests - ThreeCanvasLoader component","studiocms Package Tests","Tue Dec 09 02:23:13 UTC 2025","passed","Tue Dec 09 02:23:13 UTC 2025","Components Container tests - ThreeCanvasLoader component","Components Container tests","",""
"","0","PropsParser - extractPropsFromAstroFile - empty frontmatter/props cases","@withstudiocms/component-registry Package Tests","Tue Dec 09 02:23:04 UTC 2025","passed","Tue Dec 09 02:23:04 UTC 2025","extractPropsFromAstroFile Error Tests","Props Parser Tests","",""
"","1","warn logs message at specified logLevel when verbose is undefined","@withstudiocms/internal_helpers Package Tests","Tue Dec 09 02:22:30 UTC 2025","passed","Tue Dec 09 02:22:30 UTC 2025","integrationLogger - warn method","Astro Integration Utility Tests","",""
"","0","decodeHTML (edge cases) with input:","@withstudiocms/component-registry Package Tests","Tue Dec 09 02:22:47 UTC 2025","passed","Tue Dec 09 02:22:47 UTC 2025","decodeHTML (edge cases) Tests","Component Proxy Tests","",""
"","1","StudioCMSRoutes.mainLinks.contentManagementDiff should be defined","studiocms Package Tests","Tue Dec 09 02:23:00 UTC 2025","passed","Tue Dec 09 02:23:00 UTC 2025","StudioCMSRoutes.mainLinks.contentManagementDiff test","Route Map Virtual tests","",""
"","0","Const: defaultCacheLifeTime","studiocms Package Tests","Tue Dec 09 02:22:44 UTC 2025","passed","Tue Dec 09 02:22:44 UTC 2025","Const: defaultCacheLifeTime","consts.ts tests","",""
"","1","CacheConfigSchema test case #2","studiocms Package Tests","Tue Dec 09 02:22:54 UTC 2025","passed","Tue Dec 09 02:22:54 UTC 2025","CacheConfigSchema tests","Config Schemas tests (SDK)","",""
"","2","ProcessedCacheConfigSchema test case #1","studiocms Package Tests","Tue Dec 09 02:22:54 UTC 2025","passed","Tue Dec 09 02:22:54 UTC 2025","ProcessedCacheConfigSchema tests","Config Schemas tests (SDK)","",""
"","1","NumberArray should validate input: [1,2,3,4,5]","@studiocms/devapps Package Tests","Tue Dec 09 02:22:32 UTC 2025","passed","Tue Dec 09 02:22:32 UTC 2025","NumberArray Tests","WordPress API Schema Tests","",""
"","1","StudioCMSRoutes.authLinks.oAuthCallback should be defined","studiocms Package Tests","Tue Dec 09 02:23:00 UTC 2025","passed","Tue Dec 09 02:23:00 UTC 2025","StudioCMSRoutes.authLinks.oAuthCallback test","Route Map Virtual tests","",""
"","1","should handle different image dimensions","@studiocms/cloudinary-image-service Package Tests","Tue Dec 09 02:22:35 UTC 2025","passed","Tue Dec 09 02:22:35 UTC 2025","Image URL Generation Tests","Cloudinary Image Service - Image URL Generation Tests","",""
"","24","Buildkit CLI - build command with entry point","@withstudiocms/buildkit Package Tests","Tue Dec 09 02:22:54 UTC 2025","passed","Tue Dec 09 02:22:54 UTC 2025","Buildkit CLI - build command with entry point","CLI Tests","",""
"","696","decode-data-html - htmlDecodeTree properties","@withstudiocms/component-registry Package Tests","Tue Dec 09 02:23:33 UTC 2025","passed","Tue Dec 09 02:23:33 UTC 2025","decode-data-html Tests","Component Proxy Tests","",""
"","55","Libravatar Utils - getAvatarUrl returns valid URL for email ""user@example.com""","@withstudiocms/auth-kit Package Tests","Tue Dec 09 02:22:44 UTC 2025","passed","Tue Dec 09 02:22:44 UTC 2025","getAvatarUrl Tests","Libravatar Utility Tests","",""
"","0","Libravatar Utils - sanitizedTarget","@withstudiocms/auth-kit Package Tests","Tue Dec 09 02:22:44 UTC 2025","passed","Tue Dec 09 02:22:44 UTC 2025","sanitizedTarget Tests","Libravatar Utility Tests","",""
"","9","Password Utility - verifySafe - should return ""Password must not be a commonly known unsafe password (admin, root, etc.)"" for input ""admin""","@withstudiocms/auth-kit Package Tests","Tue Dec 09 02:22:57 UTC 2025","passed","Tue Dec 09 02:22:57 UTC 2025","verifySafe Tests","Password Utility Tests","",""
"","1","User Utility - getLevel","@withstudiocms/auth-kit Package Tests","Tue Dec 09 02:22:57 UTC 2025","passed","Tue Dec 09 02:22:57 UTC 2025","getLevel Tests","User Utility Tests","",""
"","1","ProcessedCacheConfigSchema test case #2","studiocms Package Tests","Tue Dec 09 02:22:54 UTC 2025","passed","Tue Dec 09 02:22:54 UTC 2025","ProcessedCacheConfigSchema tests","Config Schemas tests (SDK)","",""
"","1","sortByDate test case #1","studiocms Package Tests","Tue Dec 09 02:23:08 UTC 2025","passed","Tue Dec 09 02:23:08 UTC 2025","sortByDate test","Components Utils tests","",""
"","3","Context Utils - parseAPIContextFormDataToObject","@withstudiocms/effect Package Tests","Tue Dec 09 02:22:46 UTC 2025","passed","Tue Dec 09 02:22:46 UTC 2025","parseAPIContextFormDataToObject Tests","Context Utils Tests","",""
"","2","WYSIWYGSchema Test Case #3","@studiocms/wysiwyg Package Tests","Tue Dec 09 02:23:07 UTC 2025","passed","Tue Dec 09 02:23:07 UTC 2025","WYSIWYGSchema Validation Tests","WYSIWYG Types Tests","",""
"","0","pathWithBase('hello', 'https://example.com') should return 'https://example.com/hello'","@studiocms/devapps Package Tests","Tue Dec 09 02:22:54 UTC 2025","passed","Tue Dec 09 02:22:54 UTC 2025","pathWithBase Tests","pathGenerator Utility Function Tests","",""
"","19","ComponentRegistry - registerComponentFromFile - custom name","@withstudiocms/component-registry Package Tests","Tue Dec 09 02:22:34 UTC 2025","passed","Tue Dec 09 02:22:34 UTC 2025","registerComponentFromFile Tests","Component Registry Tests","",""
"","2","StudioCMSImageService accepts valid props and returns a string","studiocms Package Tests","Tue Dec 09 02:22:59 UTC 2025","passed","Tue Dec 09 02:22:59 UTC 2025","StudioCMSImageService accepts valid props and returns a string","Plugins Schemas tests","",""
"","31","Render Editor component","@studiocms/md Package Tests","Tue Dec 09 02:23:35 UTC 2025","passed","Tue Dec 09 02:23:35 UTC 2025","Editor component Tests","Editor component Tests","",""
"","1","Schema test case #10 | Current Schema: DashboardPageSchema","studiocms Package Tests","Tue Dec 09 02:22:58 UTC 2025","passed","Tue Dec 09 02:22:58 UTC 2025","Schema Tests","Plugins Schemas tests (Shared)","",""
"","2","Plugin Creation - Validates plugin Structure with Custom Options","@studiocms/html Package Tests","Tue Dec 09 02:22:43 UTC 2025","passed","Tue Dec 09 02:22:43 UTC 2025","Plugin Creation with Custom Options Tests","studiocmsHTML Plugin Tests","",""
"","1","StudioCMSDevAppsSchema should parse config: undefined","@studiocms/devapps Package Tests","Tue Dec 09 02:22:55 UTC 2025","passed","Tue Dec 09 02:22:55 UTC 2025","StudioCMSDevAppsSchema Tests","Schema Validation Tests","",""
"","1","Handling Multiple Imports","@studiocms/html Package Tests","Tue Dec 09 02:23:10 UTC 2025","passed","Tue Dec 09 02:23:10 UTC 2025","Multiple Imports Tests","Shared Module Tests","",""
"","2","sitemap-index.xml template generates correct XML for a single entry","studiocms Package Tests","Tue Dec 09 02:22:58 UTC 2025","passed","Tue Dec 09 02:22:58 UTC 2025","template tests","Dynamic Sitemap - sitemap-index.xml","",""
"throws error if comp is undefined","1","pageContentComponentFilter - throws error if comp is undefined","@withstudiocms/internal_helpers Package Tests","Tue Dec 09 02:22:33 UTC 2025","passed","Tue Dec 09 02:22:33 UTC 2025","pageContentComponentFilter - throws error if comp is undefined","Utility Functions","",""
"","1","TimeStringSchema invalid format test case #2","studiocms Package Tests","Tue Dec 09 02:22:54 UTC 2025","passed","Tue Dec 09 02:22:54 UTC 2025","TimeStringSchema tests","Config Schemas tests (SDK)","",""
"","1","verifyUserPermissionLevel('editor', 'editor') should return true","studiocms Package Tests","Tue Dec 09 02:23:37 UTC 2025","passed","Tue Dec 09 02:23:37 UTC 2025","verifyUserPermissionLevel('editor', 'editor') should return true","UserQuickTools Virtual Script tests","",""
"","1","User Utility - verifyUsernameCharacters","@withstudiocms/auth-kit Package Tests","Tue Dec 09 02:22:57 UTC 2025","passed","Tue Dec 09 02:22:57 UTC 2025","verifyUsernameCharacters Tests","User Utility Tests","",""
"reads and parses JSON file content","1","readJson - reads and parses JSON file content","@withstudiocms/internal_helpers Package Tests","Tue Dec 09 02:22:33 UTC 2025","passed","Tue Dec 09 02:22:33 UTC 2025","readJson - reads and parses JSON file content","Utility Functions","",""
"","0","decode - input: &lt;tag&gt;","@withstudiocms/component-registry Package Tests","Tue Dec 09 02:23:28 UTC 2025","passed","Tue Dec 09 02:23:28 UTC 2025","decode Tests","Component Proxy Tests","",""
"","4","TimeStringSchema test case #1","studiocms Package Tests","Tue Dec 09 02:22:54 UTC 2025","passed","Tue Dec 09 02:22:54 UTC 2025","TimeStringSchema tests","Config Schemas tests (SDK)","",""
"","1","RenderedData should validate rendered data structure","@studiocms/devapps Package Tests","Tue Dec 09 02:22:32 UTC 2025","passed","Tue Dec 09 02:22:32 UTC 2025","RenderedData Tests","WordPress API Schema Tests","",""
"","12","ComponentRegistry - validateProps - unregistered component","@withstudiocms/component-registry Package Tests","Tue Dec 09 02:22:34 UTC 2025","passed","Tue Dec 09 02:22:34 UTC 2025","validateProps Tests","Component Registry Tests","",""
"","1","StudioCMSRoutes.mainLinks.plugins should be defined","studiocms Package Tests","Tue Dec 09 02:23:00 UTC 2025","passed","Tue Dec 09 02:23:00 UTC 2025","StudioCMSRoutes.mainLinks.plugins test","Route Map Virtual tests","",""
"","1","sdkRouteResolver('init') should return '/studiocms_api/sdk/init'","studiocms Package Tests","Tue Dec 09 02:23:05 UTC 2025","passed","Tue Dec 09 02:23:05 UTC 2025","sdkRouteResolver test","Make API Route Virtual tests","",""
"","1","toUpperKeyword correctly uppercases SQL keyword ""delete""","@withstudiocms/kysely Package Tests","Tue Dec 09 02:22:48 UTC 2025","passed","Tue Dec 09 02:22:48 UTC 2025","toUpperKeyword Utility","Trigger Utilities","",""
"","1","sitemap-index.xml GET returns empty sitemapindex if no sitemaps","studiocms Package Tests","Tue Dec 09 02:22:58 UTC 2025","passed","Tue Dec 09 02:22:58 UTC 2025","GET tests","Dynamic Sitemap - sitemap-index.xml","",""
"","4","Scrypt - Service Tests - Should work with key length: 64","@withstudiocms/effect Package Tests","Tue Dec 09 02:22:33 UTC 2025","passed","Tue Dec 09 02:22:33 UTC 2025","ScryptService Tests","Scrypt Service Tests","",""
"","33","RSSIcon renders correctly","@studiocms/blog Package Tests","Tue Dec 09 02:22:41 UTC 2025","passed","Tue Dec 09 02:22:41 UTC 2025","RSSIcon Component Tests","Component Tests","",""
"","1","StatusSchema should reject invalid value: ""invalid""","@studiocms/devapps Package Tests","Tue Dec 09 02:22:32 UTC 2025","passed","Tue Dec 09 02:22:32 UTC 2025","StatusSchema Tests","WordPress API Schema Tests","",""
"","1","Session Module - invalidateSession calls deleteSession","@withstudiocms/auth-kit Package Tests","Tue Dec 09 02:22:46 UTC 2025","passed","Tue Dec 09 02:22:46 UTC 2025","invalidateSession Tests","Session Module Tests","",""
"","3","should create resolver from file:// URL","@withstudiocms/internal_helpers Package Tests","Tue Dec 09 02:22:42 UTC 2025","passed","Tue Dec 09 02:22:42 UTC 2025","should create resolver from file:// URL","Path Resolver Tests","",""
"","1","isDashboardRoute('/dashboard/settings', '/dashboard') should return true","studiocms Package Tests","Tue Dec 09 02:23:37 UTC 2025","passed","Tue Dec 09 02:23:37 UTC 2025","isDashboardRoute('/dashboard/settings', '/dashboard') should return true","UserQuickTools Virtual Script tests","",""
"","0","decodeXML with input: foo &lt; bar &gt; baz","@withstudiocms/component-registry Package Tests","Tue Dec 09 02:22:47 UTC 2025","passed","Tue Dec 09 02:22:47 UTC 2025","decodeXML Tests","Component Proxy Tests","",""
"","6","quoteIdent correctly quotes identifier for mysql","@withstudiocms/kysely Package Tests","Tue Dec 09 02:22:48 UTC 2025","passed","Tue Dec 09 02:22:48 UTC 2025","quoteIdent Utility","Trigger Utilities","",""
"","0","firstUpperCase('@world') should return '@world'","@studiocms/wysiwyg Package Tests","Tue Dec 09 02:23:09 UTC 2025","passed","Tue Dec 09 02:23:09 UTC 2025","firstUpperCase Function Tests","Utils Tests","",""
"","1","determineBranch returns valid index for valid branch (char: 97)","@withstudiocms/component-registry Package Tests","Tue Dec 09 02:22:47 UTC 2025","passed","Tue Dec 09 02:22:47 UTC 2025","determineBranch Tests","Component Proxy Tests","",""
"","2","Shared Object Tests","@studiocms/html Package Tests","Tue Dec 09 02:23:10 UTC 2025","passed","Tue Dec 09 02:23:10 UTC 2025","Shared Object Tests","Shared Module Tests","",""
"","7","baseServerTranslations has property displayName","studiocms Package Tests","Tue Dec 09 02:23:15 UTC 2025","passed","Tue Dec 09 02:23:15 UTC 2025","baseServerTranslations tests","i18n Config tests","",""
"","1","logMessages - Respects verbose flag","@withstudiocms/internal_helpers Package Tests","Tue Dec 09 02:22:30 UTC 2025","passed","Tue Dec 09 02:22:30 UTC 2025","logMessages - Respects verbose flag","Astro Integration Utility Tests","",""
"","2","getHookResults handles no hooks gracefully","studiocms Package Tests","Tue Dec 09 02:22:50 UTC 2025","passed","Tue Dec 09 02:22:50 UTC 2025","getHookResults handles no hooks gracefully","StudioCMSPluginTester tests","",""
"","0","ensureLeadingAndTrailingSlashes adds both slashes","@withstudiocms/internal_helpers Package Tests","Tue Dec 09 02:22:42 UTC 2025","passed","Tue Dec 09 02:22:42 UTC 2025","ensureLeadingAndTrailingSlashes adds both slashes","Path Generators Tests","",""
"","1","WYSIWYGSchema Test Case #6","@studiocms/wysiwyg Package Tests","Tue Dec 09 02:23:07 UTC 2025","passed","Tue Dec 09 02:23:07 UTC 2025","WYSIWYGSchema Validation Tests","WYSIWYG Types Tests","",""
"","1","Handler - resolver - passes correct resolve function to callback","@withstudiocms/component-registry Package Tests","Tue Dec 09 02:22:37 UTC 2025","passed","Tue Dec 09 02:22:37 UTC 2025","resolver Tests","Utility Tests","",""
"","0","decode - input: &copy;","@withstudiocms/component-registry Package Tests","Tue Dec 09 02:23:28 UTC 2025","passed","Tue Dec 09 02:23:28 UTC 2025","decode Tests","Component Proxy Tests","",""
"","1","getLangFromUrl extracts correct language from URL ""http://localhost/dashboard""","studiocms Package Tests","Tue Dec 09 02:22:59 UTC 2025","passed","Tue Dec 09 02:22:59 UTC 2025","getLangFromUrl tests","i18n Server Virtuals tests","",""
"","0","should accept valid favicon extension: /favicon.png","@studiocms/blog Package Tests","Tue Dec 09 02:22:53 UTC 2025","passed","Tue Dec 09 02:22:53 UTC 2025","FrontEndConfigSchema Favicon Tests","Type Definitions Tests","",""
"","0","firstUpperCase('αβγ') should return 'Αβγ'","@studiocms/wysiwyg Package Tests","Tue Dec 09 02:23:09 UTC 2025","passed","Tue Dec 09 02:23:09 UTC 2025","firstUpperCase Function Tests","Utils Tests","",""
"","0","firstUpperCase('!hello') should return '!hello'","@studiocms/wysiwyg Package Tests","Tue Dec 09 02:23:09 UTC 2025","passed","Tue Dec 09 02:23:09 UTC 2025","firstUpperCase Function Tests","Utils Tests","",""
"","6","KyselyTableManager handles trigger creation","@withstudiocms/kysely Package Tests","Tue Dec 09 02:22:40 UTC 2025","passed","Tue Dec 09 02:22:40 UTC 2025","KyselyTableManager handles trigger creation","Plugin Utilities","",""
"","1","Session Module - validateSessionToken returns null for invalid session","@withstudiocms/auth-kit Package Tests","Tue Dec 09 02:22:46 UTC 2025","passed","Tue Dec 09 02:22:46 UTC 2025","validateSessionToken Invalid Session Tests","Session Module Tests","",""
"","5","Plugin Creation - Validates Plugin Structure","@studiocms/google Package Tests","Tue Dec 09 02:23:00 UTC 2025","passed","Tue Dec 09 02:23:00 UTC 2025","Plugin Creation Tests","Google Plugin Tests","",""
"","0","stripLeadingSlash('hello') should return 'hello'","@studiocms/devapps Package Tests","Tue Dec 09 02:22:54 UTC 2025","passed","Tue Dec 09 02:22:54 UTC 2025","stripLeadingSlash Tests","pathGenerator Utility Function Tests","",""
"","5","shows error toast if response is not ok","studiocms Package Tests","Tue Dec 09 02:23:37 UTC 2025","passed","Tue Dec 09 02:23:37 UTC 2025","formListener error response test","Form Listener tests","",""
"","2","HeadConfigSchema - createHead merges and sorts head configs","@withstudiocms/internal_helpers Package Tests","Tue Dec 09 02:22:39 UTC 2025","passed","Tue Dec 09 02:22:39 UTC 2025","HeadConfigSchema - createHead merges and sorts head configs","HeadConfigSchema Tests","",""
"parses example changelog markdown","37","loadChangelog - parses example changelog markdown","@withstudiocms/internal_helpers Package Tests","Tue Dec 09 02:22:33 UTC 2025","passed","Tue Dec 09 02:22:33 UTC 2025","loadChangelog - parses example changelog markdown","Utility Functions","",""
"","113","HTTPClient provides a retrying HttpClient instance","@withstudiocms/effect Package Tests","Tue Dec 09 02:23:13 UTC 2025","passed","Tue Dec 09 02:23:14 UTC 2025","HTTPClient Tests","Effect Utility Tests","",""
"","1","Post - should reject post data with invalid format","@studiocms/devapps Package Tests","Tue Dec 09 02:22:32 UTC 2025","passed","Tue Dec 09 02:22:32 UTC 2025","Post Schema Tests","WordPress API Schema Tests","",""
"","1","TemplateEngine - Strict mode should throw error for missing variables","@withstudiocms/template-lang Package Tests","Tue Dec 09 02:22:31 UTC 2025","passed","Tue Dec 09 02:22:31 UTC 2025","TemplateEngine - Strict mode should throw error for missing variables","TemplateEngine Tests","",""
"","0","Middleware - sortByPriority","@withstudiocms/effect Package Tests","Tue Dec 09 02:22:53 UTC 2025","passed","Tue Dec 09 02:22:53 UTC 2025","sortByPriority Tests","Middleware Utility Tests","",""
"","0","ensureLeadingSlash('hello') should return '/hello'","@studiocms/devapps Package Tests","Tue Dec 09 02:22:54 UTC 2025","passed","Tue Dec 09 02:22:54 UTC 2025","ensureLeadingSlash Tests","pathGenerator Utility Function Tests","",""
"","1","Clack - useClackError returns Effect that succeeds with value if no error is thrown","@withstudiocms/effect Package Tests","Tue Dec 09 02:23:17 UTC 2025","passed","Tue Dec 09 02:23:17 UTC 2025","useClackError Tests","Clack Wrapper Tests","",""
"","2","Plugin Hooks - Validates hook definitions","@studiocms/markdoc Package Tests","Tue Dec 09 02:23:14 UTC 2025","passed","Tue Dec 09 02:23:14 UTC 2025","Plugin Hooks Tests","studiocmsMarkDoc Plugin Tests","",""
"","4","updateElmLabel updates label for ""bar"" correctly","studiocms Package Tests","Tue Dec 09 02:23:37 UTC 2025","passed","Tue Dec 09 02:23:37 UTC 2025","updateElmLabel tests","i18n Client Virtuals tests","",""
"","0","trimInput(' hello world ') should return 'hello world'","@studiocms/blog Package Tests","Tue Dec 09 02:23:09 UTC 2025","passed","Tue Dec 09 02:23:09 UTC 2025","trimInput Tests","Component Helper Tests","",""
"","1","should throw error when file does not exist","@studiocms/cloudinary-image-service Package Tests","Tue Dec 09 02:22:54 UTC 2025","passed","Tue Dec 09 02:22:54 UTC 2025","readJson Functionality Tests","readJson Utility Function Tests","",""
"","4","Editor component renders correctly","@studiocms/blog Package Tests","Tue Dec 09 02:22:41 UTC 2025","passed","Tue Dec 09 02:22:41 UTC 2025","Editor Component Tests","Component Tests","",""
"","0","Utility - integrationLogger logs at debug when verbose is true","@withstudiocms/component-registry Package Tests","Tue Dec 09 02:22:37 UTC 2025","passed","Tue Dec 09 02:22:37 UTC 2025","integrationLogger Tests","Utility Tests","",""
"","4","TemplateRenderer - Basic rendering of simple variables","@withstudiocms/template-lang Package Tests","Tue Dec 09 02:22:31 UTC 2025","passed","Tue Dec 09 02:22:31 UTC 2025","TemplateRenderer - Basic rendering of simple variables","TemplateRenderer Tests","",""
"","1","makePublicRoute('/assets') should return 'public/studiocms-resources//assets/'","studiocms Package Tests","Tue Dec 09 02:23:34 UTC 2025","passed","Tue Dec 09 02:23:34 UTC 2025","makePublicRoute test","Make Public Route Virtual tests","",""
"","0","Libravatar Utils - sanitizedTarget","@withstudiocms/auth-kit Package Tests","Tue Dec 09 02:22:44 UTC 2025","passed","Tue Dec 09 02:22:44 UTC 2025","sanitizedTarget Tests","Libravatar Utility Tests","",""
"","1","closeOnOutsideClick - should not dispatch toggle-app event when clicking inside astro-dev-toolbar or additionalCheck returns true","@studiocms/devapps Package Tests","Tue Dec 09 02:22:48 UTC 2025","passed","Tue Dec 09 02:22:48 UTC 2025","closeOnOutsideClick Tests","app-utils Utility Function Tests","",""
"","1","getCurrentURLPath returns correct path for pathname ""/_server-islands"" and referer ""http://localhost/dashboard""","studiocms Package Tests","Tue Dec 09 02:22:59 UTC 2025","passed","Tue Dec 09 02:22:59 UTC 2025","getCurrentURLPath tests","i18n Server Virtuals tests","",""
"","0","shouldSkipRendering('/_studiocms-devapps/') should return true","studiocms Package Tests","Tue Dec 09 02:23:37 UTC 2025","passed","Tue Dec 09 02:23:37 UTC 2025","shouldSkipRendering('/_studiocms-devapps/') should return true","UserQuickTools Virtual Script tests","",""
"","0","Const: AstroConfigViteSettings.build.chunkSizeWarningLimit","studiocms Package Tests","Tue Dec 09 02:22:44 UTC 2025","passed","Tue Dec 09 02:22:44 UTC 2025","Const: AstroConfigViteSettings.build.chunkSizeWarningLimit","consts.ts tests","",""
"","4","Const: StudioCMSMarkdownDefaults.callouts","studiocms Package Tests","Tue Dec 09 02:22:44 UTC 2025","passed","Tue Dec 09 02:22:44 UTC 2025","Const: StudioCMSMarkdownDefaults.callouts","consts.ts tests","",""
"","3","fromCodePoint with input: 65","@withstudiocms/component-registry Package Tests","Tue Dec 09 02:23:20 UTC 2025","passed","Tue Dec 09 02:23:20 UTC 2025","fromCodePoint Tests","Component Proxy Tests","",""
"","1","Const: routesDir.dashRoute","studiocms Package Tests","Tue Dec 09 02:22:44 UTC 2025","passed","Tue Dec 09 02:22:44 UTC 2025","Const: routesDir.dashRoute","consts.ts tests","",""
"","81","Integration Utils - Endpoint / responds correctly","@withstudiocms/config-utils Package Tests","Tue Dec 09 02:23:25 UTC 2025","passed","Tue Dec 09 02:23:25 UTC 2025","Endpoint Tests","Integration Tests","",""
"","1","StudioCMSDevAppsSchema should reject invalid config: {""endpoint"":123}","@studiocms/devapps Package Tests","Tue Dec 09 02:22:55 UTC 2025","passed","Tue Dec 09 02:22:55 UTC 2025","StudioCMSDevAppsSchema Tests","Schema Validation Tests","",""
"","1","useTranslations returns correct translation for key ""unknown""","studiocms Package Tests","Tue Dec 09 02:22:59 UTC 2025","passed","Tue Dec 09 02:22:59 UTC 2025","useTranslations tests","i18n Server Virtuals tests","",""
"","1","Category - should validate complete category data","@studiocms/devapps Package Tests","Tue Dec 09 02:22:32 UTC 2025","passed","Tue Dec 09 02:22:32 UTC 2025","Category Schema Tests","WordPress API Schema Tests","",""
"","1","should generate Cloudinary URL for external HTTPS image","@studiocms/cloudinary-image-service Package Tests","Tue Dec 09 02:22:35 UTC 2025","passed","Tue Dec 09 02:22:35 UTC 2025","Image URL Generation Tests","Cloudinary Image Service - Image URL Generation Tests","",""
"","0","Utility - integrationLogger does not log info/debug when verbose is false for logLevel warn","@withstudiocms/component-registry Package Tests","Tue Dec 09 02:22:37 UTC 2025","passed","Tue Dec 09 02:22:37 UTC 2025","integrationLogger Tests","Utility Tests","",""
"","0","parseCallouts returns correct value for opt: github","@studiocms/md Package Tests","Tue Dec 09 02:23:15 UTC 2025","passed","Tue Dec 09 02:23:15 UTC 2025","parseCallouts Tests","markdown-prerender Module Tests","",""
"","0","Middleware - sortByPriority","@withstudiocms/effect Package Tests","Tue Dec 09 02:22:53 UTC 2025","passed","Tue Dec 09 02:22:53 UTC 2025","sortByPriority Tests","Middleware Utility Tests","",""
"","2","getLatestVersion - Writes cache after fetching in dev mode","@withstudiocms/internal_helpers Package Tests","Tue Dec 09 02:22:31 UTC 2025","passed","Tue Dec 09 02:22:31 UTC 2025","getLatestVersion - Writes cache after fetching in dev mode","Astro Integration Utility Tests","",""
"throws on unknown semver category","3","loadChangelog - throws on unknown semver category","@withstudiocms/internal_helpers Package Tests","Tue Dec 09 02:22:33 UTC 2025","passed","Tue Dec 09 02:22:33 UTC 2025","loadChangelog - throws on unknown semver category","Utility Functions","",""
"","0","StatusSchema should validate value: ""private""","@studiocms/devapps Package Tests","Tue Dec 09 02:22:32 UTC 2025","passed","Tue Dec 09 02:22:32 UTC 2025","StatusSchema Tests","WordPress API Schema Tests","",""
"","0","replaceCodePoint with input: 1114112","@withstudiocms/component-registry Package Tests","Tue Dec 09 02:23:20 UTC 2025","passed","Tue Dec 09 02:23:20 UTC 2025","replaceCodePoint Tests","Component Proxy Tests","",""
"","0","should create resolver from relative path","@withstudiocms/internal_helpers Package Tests","Tue Dec 09 02:22:42 UTC 2025","passed","Tue Dec 09 02:22:42 UTC 2025","should create resolver from relative path","Path Resolver Tests","",""
"","0","should have correct type and default for blog.enableRSS","@studiocms/blog Package Tests","Tue Dec 09 02:22:53 UTC 2025","passed","Tue Dec 09 02:22:53 UTC 2025","FrontEndConfigSchema Tests","Type Definitions Tests","",""
"","1","validImage ""studiocms-blocks"" should have non-null light and dark properties","studiocms Package Tests","Tue Dec 09 02:23:21 UTC 2025","passed","Tue Dec 09 02:23:21 UTC 2025","validImages local image light/dark tests","validImages Virtual tests","",""
"","9","BaseHead renders correctly with minimal props","@studiocms/blog Package Tests","Tue Dec 09 02:22:41 UTC 2025","passed","Tue Dec 09 02:22:41 UTC 2025","BaseHead Component Tests","Component Tests","",""
"","2","should have studiocms:config:setup hook defined","@studiocms/cloudinary-image-service Package Tests","Tue Dec 09 02:22:47 UTC 2025","passed","Tue Dec 09 02:22:47 UTC 2025","Config Setup Hook Tests","Cloudinary Image Service Plugin Tests","",""
"","0","appendSearchParamsToUrl (uncurried) appends param correctly","@withstudiocms/effect Package Tests","Tue Dec 09 02:23:13 UTC 2025","passed","Tue Dec 09 02:23:13 UTC 2025","appendSearchParamsToUrl Tests","Effect Utility Tests","",""
"","0","Should handle StudioCMS flavor with 'obsidian' callout theme","@studiocms/md Package Tests","Tue Dec 09 02:22:46 UTC 2025","passed","Tue Dec 09 02:22:46 UTC 2025","Plugin Creation Tests","studiocmsMD Plugin Tests","",""
"","1","validateUrl passes for valid sitemap url: http://example.com/sitemap.xhtml","studiocms Package Tests","Tue Dec 09 02:22:42 UTC 2025","passed","Tue Dec 09 02:22:42 UTC 2025","validateUrl valid sitemap url tests","Robots Core Utils","",""
"","1","should have a valid entry for image name: custom","studiocms Package Tests","Tue Dec 09 02:23:21 UTC 2025","passed","Tue Dec 09 02:23:21 UTC 2025","validImages individual entry tests","validImages Virtual tests","",""
"","0","User Utility - parseRequiredPerms","@withstudiocms/auth-kit Package Tests","Tue Dec 09 02:22:57 UTC 2025","passed","Tue Dec 09 02:22:57 UTC 2025","parseRequiredPerms Tests","User Utility Tests","",""
"","0","Utility - convertUnderscoresToHyphens converts ""hello_world_test_case"" to ""hello-world-test-case""","@withstudiocms/component-registry Package Tests","Tue Dec 09 02:22:37 UTC 2025","passed","Tue Dec 09 02:22:37 UTC 2025","convertUnderscoresToHyphens Tests","Utility Tests","",""
"","3","AuthKitConfig - AuthKitConfig creates correct config object","@withstudiocms/auth-kit Package Tests","Tue Dec 09 02:22:44 UTC 2025","passed","Tue Dec 09 02:22:44 UTC 2025","AuthKitConfig Tests","Config Tests","",""
"","22","getDialect identifies SQL dialect correctly sqlite","@withstudiocms/kysely Package Tests","Tue Dec 09 02:23:36 UTC 2025","passed","Tue Dec 09 02:23:36 UTC 2025","getDialect identifies SQL dialect correctly sqlite","Introspection Utilities","",""
"","0","parse('[1, 2, 3, ""test""]') should return expected object","@studiocms/wysiwyg Package Tests","Tue Dec 09 02:23:09 UTC 2025","passed","Tue Dec 09 02:23:09 UTC 2025","parse Function Tests","Utils Tests","",""
"","4","FALLBACK_OG_IMAGE should be defined and a valid URL","@studiocms/blog Package Tests","Tue Dec 09 02:23:09 UTC 2025","passed","Tue Dec 09 02:23:09 UTC 2025","FALLBACK_OG_IMAGE Tests","Component Helper Tests","",""
"","0","ensureTrailingSlash adds slash if missing","@withstudiocms/internal_helpers Package Tests","Tue Dec 09 02:22:42 UTC 2025","passed","Tue Dec 09 02:22:42 UTC 2025","ensureTrailingSlash adds slash if missing","Path Generators Tests","",""
"","5","Plugin Hooks - Validates Hook Functionality","@studiocms/html Package Tests","Tue Dec 09 02:22:43 UTC 2025","passed","Tue Dec 09 02:22:43 UTC 2025","Plugin Hooks Tests","studiocmsHTML Plugin Tests","",""
"","1","appendSearchParamsToUrl (curried) appends param correctly","@withstudiocms/effect Package Tests","Tue Dec 09 02:23:13 UTC 2025","passed","Tue Dec 09 02:23:13 UTC 2025","appendSearchParamsToUrl Tests","Effect Utility Tests","",""
"","1","Zod Utils - parseConfig Test","@withstudiocms/config-utils Package Tests","Tue Dec 09 02:23:00 UTC 2025","passed","Tue Dec 09 02:23:00 UTC 2025","parseConfig Tests","Zod Utility Tests","",""
"","0","should work with both Windows and Unix-style paths","@withstudiocms/internal_helpers Package Tests","Tue Dec 09 02:22:42 UTC 2025","passed","Tue Dec 09 02:22:42 UTC 2025","should work with both Windows and Unix-style paths","Path Resolver Tests","",""
"","0","parse('42') should return expected object","@studiocms/wysiwyg Package Tests","Tue Dec 09 02:23:09 UTC 2025","passed","Tue Dec 09 02:23:09 UTC 2025","parse Function Tests","Utils Tests","",""
"","0","TemplateRenderer - Nested property access","@withstudiocms/template-lang Package Tests","Tue Dec 09 02:22:31 UTC 2025","passed","Tue Dec 09 02:22:31 UTC 2025","TemplateRenderer - Nested property access","TemplateRenderer Tests","",""
"","0","Middleware - sortByPriority","@withstudiocms/effect Package Tests","Tue Dec 09 02:22:53 UTC 2025","passed","Tue Dec 09 02:22:53 UTC 2025","sortByPriority Tests","Middleware Utility Tests","",""
"","2","should accept valid favicon extension: /favicon.ico","@studiocms/blog Package Tests","Tue Dec 09 02:22:53 UTC 2025","passed","Tue Dec 09 02:22:53 UTC 2025","FrontEndConfigSchema Favicon Tests","Type Definitions Tests","",""
"","0","isFaviconExt should return false for invalid extension","@studiocms/blog Package Tests","Tue Dec 09 02:22:53 UTC 2025","passed","Tue Dec 09 02:22:53 UTC 2025","isFaviconExt Function Tests","Type Definitions Tests","",""
"","6","validImages exports correct array structure","studiocms Package Tests","Tue Dec 09 02:23:21 UTC 2025","passed","Tue Dec 09 02:23:21 UTC 2025","validImages tests","validImages Virtual tests","",""
"","0","stripHtmlExtension removes .html extension","@withstudiocms/internal_helpers Package Tests","Tue Dec 09 02:22:42 UTC 2025","passed","Tue Dec 09 02:22:42 UTC 2025","stripHtmlExtension removes .html extension","Path Generators Tests","",""
"","1","Const: routesDir.mailer","studiocms Package Tests","Tue Dec 09 02:22:44 UTC 2025","passed","Tue Dec 09 02:22:44 UTC 2025","Const: routesDir.mailer","consts.ts tests","",""
"","0","PostFormatSchema should validate value: ""chat""","@studiocms/devapps Package Tests","Tue Dec 09 02:22:32 UTC 2025","passed","Tue Dec 09 02:22:32 UTC 2025","PostFormatSchema Tests","WordPress API Schema Tests","",""
"","0","parse Invalid Test Case #2","@studiocms/wysiwyg Package Tests","Tue Dec 09 02:23:09 UTC 2025","passed","Tue Dec 09 02:23:09 UTC 2025","parse Function Invalid Input Tests","Utils Tests","",""
"","0","Libravatar Utils - srvHostname with 0 records","@withstudiocms/auth-kit Package Tests","Tue Dec 09 02:22:44 UTC 2025","passed","Tue Dec 09 02:22:44 UTC 2025","srvHostname Tests","Libravatar Utility Tests","",""
"","1","sortByDate test case #4","studiocms Package Tests","Tue Dec 09 02:23:08 UTC 2025","passed","Tue Dec 09 02:23:08 UTC 2025","sortByDate test","Components Utils tests","",""
"","0","ensureLeadingAndTrailingSlashes adds both slashes","@withstudiocms/internal_helpers Package Tests","Tue Dec 09 02:22:42 UTC 2025","passed","Tue Dec 09 02:22:42 UTC 2025","ensureLeadingAndTrailingSlashes adds both slashes","Path Generators Tests","",""
"","38","Render with basic props","@studiocms/mdx Package Tests","Tue Dec 09 02:23:17 UTC 2025","passed","Tue Dec 09 02:23:17 UTC 2025","Render Tests","MDX Editor Component Tests","",""
"","3","Components Container tests - OAuthButton component","studiocms Package Tests","Tue Dec 09 02:23:13 UTC 2025","passed","Tue Dec 09 02:23:13 UTC 2025","Components Container tests - OAuthButton component","Components Container tests","",""
"","3","Should return original src if CMS_CLOUDINARY_CLOUDNAME is not set","@studiocms/cloudinary-image-service Package Tests","Tue Dec 09 02:22:35 UTC 2025","passed","Tue Dec 09 02:22:35 UTC 2025","Image URL Generation Tests","Cloudinary Image Service - Image URL Generation Tests","",""
"","0","TemplateParser - Should return false when no variables exist (1)","@withstudiocms/template-lang Package Tests","Tue Dec 09 02:22:31 UTC 2025","passed","Tue Dec 09 02:22:31 UTC 2025","TemplateParser - Should return false when no variables exist (1)","TemplateParser Tests","",""
"","4","WYSIWYG Editor Component Test Case #3","@studiocms/wysiwyg Package Tests","Tue Dec 09 02:23:24 UTC 2025","passed","Tue Dec 09 02:23:24 UTC 2025","WYSIWYG Editor Component Tests","StudioCMS WYSIWYG Plugin Tests","",""
"","4","Password Utility - constantTimeEqual - should return true for inputs ""abc"" and ""abc""","@withstudiocms/auth-kit Package Tests","Tue Dec 09 02:22:57 UTC 2025","passed","Tue Dec 09 02:22:57 UTC 2025","constantTimeEqual Tests","Password Utility Tests","",""
"","45","Layout renders correctly","@studiocms/blog Package Tests","Tue Dec 09 02:22:53 UTC 2025","passed","Tue Dec 09 02:22:53 UTC 2025","Layout Component Tests","Layout Component Tests","",""
"","0","pathWithBase - Strips leading slash and prepends one","@withstudiocms/internal_helpers Package Tests","Tue Dec 09 02:22:42 UTC 2025","passed","Tue Dec 09 02:22:42 UTC 2025","pathWithBase - Strips leading slash and prepends one","Path Generators Tests","",""
"","6","TransformHTML Test Case","@withstudiocms/component-registry Package Tests","Tue Dec 09 02:22:52 UTC 2025","passed","Tue Dec 09 02:22:52 UTC 2025","transformHTML Tests","TransformHTML Tests","",""
"","0","should accept valid favicon extension: /favicon.jpeg","@studiocms/blog Package Tests","Tue Dec 09 02:22:53 UTC 2025","passed","Tue Dec 09 02:22:53 UTC 2025","FrontEndConfigSchema Favicon Tests","Type Definitions Tests","",""
"","0","Libravatar Utils - sanitizedTarget","@withstudiocms/auth-kit Package Tests","Tue Dec 09 02:22:44 UTC 2025","passed","Tue Dec 09 02:22:44 UTC 2025","sanitizedTarget Tests","Libravatar Utility Tests","",""
"","1","Deepmerge - merges nested objects deeply","@withstudiocms/effect Package Tests","Tue Dec 09 02:23:02 UTC 2025","passed","Tue Dec 09 02:23:02 UTC 2025","deepmerge Effect Tests","Deepmerge Utility Tests","",""
"throws error if comp is undefined","2","rendererComponentFilter - throws error if comp is undefined","@withstudiocms/internal_helpers Package Tests","Tue Dec 09 02:22:33 UTC 2025","passed","Tue Dec 09 02:22:33 UTC 2025","rendererComponentFilter - throws error if comp is undefined","Utility Functions","",""
"","1","generateHostContent returns empty string for host: false","studiocms Package Tests","Tue Dec 09 02:22:42 UTC 2025","passed","Tue Dec 09 02:22:42 UTC 2025","generateHostContent tests","Robots Core Utils","",""
"","19","ComponentRegistry - registerComponentFromFile - complex prop types","@withstudiocms/component-registry Package Tests","Tue Dec 09 02:22:34 UTC 2025","passed","Tue Dec 09 02:22:34 UTC 2025","registerComponentFromFile Tests","Component Registry Tests","",""
"","1","StudioCMSOptionsSchema invalid data test case #2","studiocms Package Tests","Tue Dec 09 02:23:04 UTC 2025","passed","Tue Dec 09 02:23:04 UTC 2025","StudioCMSOptionsSchema tests","Config Schemas tests (Index)","",""
"","4","cloudinaryImageService - should call definePlugin with correct configuration","@studiocms/cloudinary-image-service Package Tests","Tue Dec 09 02:22:47 UTC 2025","passed","Tue Dec 09 02:22:47 UTC 2025","Define Plugin Tests","Cloudinary Image Service Plugin Tests","",""
"","39","User Module - getUserPasswordHash fails if user not found","@withstudiocms/auth-kit Package Tests","Tue Dec 09 02:22:37 UTC 2025","passed","Tue Dec 09 02:22:37 UTC 2025","getUserPasswordHash Tests","User Module Tests","",""
"","1","TransformHTML Test Case","@withstudiocms/component-registry Package Tests","Tue Dec 09 02:22:52 UTC 2025","passed","Tue Dec 09 02:22:52 UTC 2025","transformHTML Tests","TransformHTML Tests","",""
"","0","firstUpperCase('Hello') should return 'Hello'","@studiocms/wysiwyg Package Tests","Tue Dec 09 02:23:09 UTC 2025","passed","Tue Dec 09 02:23:09 UTC 2025","firstUpperCase Function Tests","Utils Tests","",""
"","2","User Module - getUserData returns logged out session for expired session","@withstudiocms/auth-kit Package Tests","Tue Dec 09 02:22:37 UTC 2025","passed","Tue Dec 09 02:22:37 UTC 2025","getUserData Tests","User Module Tests","",""
"","0","decode - input: foo &amp; bar","@withstudiocms/component-registry Package Tests","Tue Dec 09 02:23:28 UTC 2025","passed","Tue Dec 09 02:23:28 UTC 2025","decode Tests","Component Proxy Tests","",""
"","0","fromCodePoint with input: 65","@withstudiocms/component-registry Package Tests","Tue Dec 09 02:22:47 UTC 2025","passed","Tue Dec 09 02:22:47 UTC 2025","fromCodePoint Tests","Component Proxy Tests","",""
"","1","should have correct type and default for favicon","@studiocms/blog Package Tests","Tue Dec 09 02:22:53 UTC 2025","passed","Tue Dec 09 02:22:53 UTC 2025","FrontEndConfigSchema Tests","Type Definitions Tests","",""
"","50","Session Utility - makeSessionId throws SessionError if input is not a string","@withstudiocms/auth-kit Package Tests","Tue Dec 09 02:23:16 UTC 2025","passed","Tue Dec 09 02:23:16 UTC 2025","makeSessionId Error Handling Tests","Session Utility Tests","",""
"","0","parse('null') should return expected object","@studiocms/wysiwyg Package Tests","Tue Dec 09 02:23:09 UTC 2025","passed","Tue Dec 09 02:23:09 UTC 2025","parse Function Tests","Utils Tests","",""
"","1","getUserPermissionLevel test case #5","studiocms Package Tests","Tue Dec 09 02:22:51 UTC 2025","passed","Tue Dec 09 02:22:51 UTC 2025","getUserPermissionLevel tests","Middleware Utils tests","",""
"","0","Const: routesDir.errors","studiocms Package Tests","Tue Dec 09 02:22:44 UTC 2025","passed","Tue Dec 09 02:22:44 UTC 2025","Const: routesDir.errors","consts.ts tests","",""
"","0","decodeHTMLStrict with input: foo &lt; bar","@withstudiocms/component-registry Package Tests","Tue Dec 09 02:22:47 UTC 2025","passed","Tue Dec 09 02:22:47 UTC 2025","decodeHTMLStrict Tests","Component Proxy Tests","",""
"","2","Schema test case #7 | Current Schema: SettingsFieldSchema","studiocms Package Tests","Tue Dec 09 02:22:58 UTC 2025","passed","Tue Dec 09 02:22:58 UTC 2025","Schema Tests","Plugins Schemas tests (Shared)","",""
"","0","stripLeadingAndTrailingSlashes removes both","@withstudiocms/internal_helpers Package Tests","Tue Dec 09 02:22:42 UTC 2025","passed","Tue Dec 09 02:22:42 UTC 2025","stripLeadingAndTrailingSlashes removes both","Path Generators Tests","",""
"","0","makePasswordModConfig with CMS_ENCRYPTION_KEY=""not-base64!"" throws error","@withstudiocms/auth-kit Package Tests","Tue Dec 09 02:22:44 UTC 2025","passed","Tue Dec 09 02:22:44 UTC 2025","makePasswordModConfig Tests","Config Tests","",""
"","0","OpenClosedSchema should validate value: """"","@studiocms/devapps Package Tests","Tue Dec 09 02:22:32 UTC 2025","passed","Tue Dec 09 02:22:32 UTC 2025","OpenClosedSchema Tests","WordPress API Schema Tests","",""
"","1","parse('{""name"": ""John"", ""age"": 30}') should return expected object","@studiocms/wysiwyg Package Tests","Tue Dec 09 02:23:09 UTC 2025","passed","Tue Dec 09 02:23:09 UTC 2025","parse Function Tests","Utils Tests","",""
"","1","Const: routesDir.dashApi","studiocms Package Tests","Tue Dec 09 02:22:44 UTC 2025","passed","Tue Dec 09 02:22:44 UTC 2025","Const: routesDir.dashApi","consts.ts tests","",""
"","3","renders markdown correctly for flavor: unknown","@studiocms/md Package Tests","Tue Dec 09 02:23:15 UTC 2025","passed","Tue Dec 09 02:23:15 UTC 2025","Markdown Rendering Tests","markdown-prerender Module Tests","",""
"","0","trimInput('baz') should return 'baz'","@studiocms/blog Package Tests","Tue Dec 09 02:23:09 UTC 2025","passed","Tue Dec 09 02:23:09 UTC 2025","trimInput Tests","Component Helper Tests","",""
"","1","Schema test case #14 | Current Schema: SettingsPageSchema","studiocms Package Tests","Tue Dec 09 02:22:58 UTC 2025","passed","Tue Dec 09 02:22:58 UTC 2025","Schema Tests","Plugins Schemas tests (Shared)","",""
"","0","parse Invalid Test Case #3","@studiocms/wysiwyg Package Tests","Tue Dec 09 02:23:09 UTC 2025","passed","Tue Dec 09 02:23:09 UTC 2025","parse Function Invalid Input Tests","Utils Tests","",""
"","0","User Utility - parseRequiredPerms","@withstudiocms/auth-kit Package Tests","Tue Dec 09 02:22:57 UTC 2025","passed","Tue Dec 09 02:22:57 UTC 2025","parseRequiredPerms Tests","User Utility Tests","",""
"","8","getUserPermissions test case #5","studiocms Package Tests","Tue Dec 09 02:22:51 UTC 2025","passed","Tue Dec 09 02:22:51 UTC 2025","getUserPermissions tests","Middleware Utils tests","",""
"","3","Session Module - createSession returns a UserSession","@withstudiocms/auth-kit Package Tests","Tue Dec 09 02:22:46 UTC 2025","passed","Tue Dec 09 02:22:46 UTC 2025","createSession Tests","Session Module Tests","",""
"","0","TemplateEngine - Should detect if template has variables","@withstudiocms/template-lang Package Tests","Tue Dec 09 02:22:31 UTC 2025","passed","Tue Dec 09 02:22:31 UTC 2025","TemplateEngine - Should detect if template has variables","TemplateEngine Tests","",""
"","2","logMessages - logs messages at various levels when verbose is true","@withstudiocms/internal_helpers Package Tests","Tue Dec 09 02:22:30 UTC 2025","passed","Tue Dec 09 02:22:30 UTC 2025","logMessages - logs messages at various levels when verbose is true","Astro Integration Utility Tests","",""
"","0","ImageEndpointConfig - should validate all required fields are present","@studiocms/devapps Package Tests","Tue Dec 09 02:22:39 UTC 2025","passed","Tue Dec 09 02:22:39 UTC 2025","ImageEndpointConfig Tests","WordPress API Config Tests","",""
"","1","sortByDate test case #2","studiocms Package Tests","Tue Dec 09 02:23:08 UTC 2025","passed","Tue Dec 09 02:23:08 UTC 2025","sortByDate test","Components Utils tests","",""
"","2","throwMsg logs and throws correctly based on type","studiocms Package Tests","Tue Dec 09 02:22:42 UTC 2025","passed","Tue Dec 09 02:22:42 UTC 2025","throwMsg tests","Robots Core Utils","",""
"","1","resolveBuiltIns test case #7","studiocms Package Tests","Tue Dec 09 02:23:22 UTC 2025","passed","Tue Dec 09 02:23:22 UTC 2025","resolveBuiltIns tests","Integrations tests (Node Namespace Built-ins)","",""
"","0","trimInput('') should return 'undefined'","@studiocms/blog Package Tests","Tue Dec 09 02:23:09 UTC 2025","passed","Tue Dec 09 02:23:09 UTC 2025","trimInput Tests","Component Helper Tests","",""
"","2","NotFoundError is instance of TaggedError","@withstudiocms/kysely Package Tests","Tue Dec 09 02:23:30 UTC 2025","passed","Tue Dec 09 02:23:30 UTC 2025","NotFoundError","Error Classes","",""
"","1","StatusSchema should reject invalid value: ""null""","@studiocms/devapps Package Tests","Tue Dec 09 02:22:32 UTC 2025","passed","Tue Dec 09 02:22:32 UTC 2025","StatusSchema Tests","WordPress API Schema Tests","",""
"","0","stripTrailingSlash removes trailing slash","@withstudiocms/internal_helpers Package Tests","Tue Dec 09 02:22:42 UTC 2025","passed","Tue Dec 09 02:22:42 UTC 2025","stripTrailingSlash removes trailing slash","Path Generators Tests","",""
"","0","getHeroImage('hero.png', Astro) should return 'hero.png'","@studiocms/blog Package Tests","Tue Dec 09 02:23:09 UTC 2025","passed","Tue Dec 09 02:23:09 UTC 2025","getHeroImage Tests","Component Helper Tests","",""
"","0","firstUpperCase('abc123') should return 'Abc123'","@studiocms/wysiwyg Package Tests","Tue Dec 09 02:23:09 UTC 2025","passed","Tue Dec 09 02:23:09 UTC 2025","firstUpperCase Function Tests","Utils Tests","",""
"","2","User Module - getUserData returns logged in session for valid user","@withstudiocms/auth-kit Package Tests","Tue Dec 09 02:22:37 UTC 2025","passed","Tue Dec 09 02:22:37 UTC 2025","getUserData Tests","User Module Tests","",""
"","0","should correctly parse custom config","@studiocms/blog Package Tests","Tue Dec 09 02:22:53 UTC 2025","passed","Tue Dec 09 02:22:53 UTC 2025","FrontEndConfigSchema Custom Config Tests","Type Definitions Tests","",""
"","1","makePasswordModConfig - environment variable overrides work correctly","@withstudiocms/auth-kit Package Tests","Tue Dec 09 02:22:44 UTC 2025","passed","Tue Dec 09 02:22:44 UTC 2025","makePasswordModConfig Tests","Config Tests","",""
"","0","Utility - convertHyphensToUnderscores converts ""helloworld"" to ""helloworld""","@withstudiocms/component-registry Package Tests","Tue Dec 09 02:22:37 UTC 2025","passed","Tue Dec 09 02:22:37 UTC 2025","convertHyphensToUnderscores Tests","Utility Tests","",""
"","1","VirtualModuleBuilder - astroComponentVirtual exports components with custom names","studiocms Package Tests","Tue Dec 09 02:22:49 UTC 2025","passed","Tue Dec 09 02:22:49 UTC 2025","VirtualModuleBuilder - astroComponentVirtual test","Virtual Module Utils tests","",""
"","0","AppsConfigSchema should reject invalid config: {""libSQLViewer"":true,""wpImporter"":123}","@studiocms/devapps Package Tests","Tue Dec 09 02:22:55 UTC 2025","passed","Tue Dec 09 02:22:55 UTC 2025","AppsConfigSchema Tests","Schema Validation Tests","",""
"","0","decode - input: plain text","@withstudiocms/component-registry Package Tests","Tue Dec 09 02:23:28 UTC 2025","passed","Tue Dec 09 02:23:28 UTC 2025","decode Tests","Component Proxy Tests","",""
"","4","SMTPService - Transport Status Methods (isIdle)","@withstudiocms/effect Package Tests","Tue Dec 09 02:22:43 UTC 2025","passed","Tue Dec 09 02:22:43 UTC 2025","Transport Status Method Tests","SMTP Service Tests","",""
"","2","Watcher Utils - findConfig Tests","@withstudiocms/config-utils Package Tests","Tue Dec 09 02:23:15 UTC 2025","passed","Tue Dec 09 02:23:15 UTC 2025","findConfig Test Set","Watcher Utility Tests","",""
"","1","resolveBuiltIns test case #10","studiocms Package Tests","Tue Dec 09 02:23:22 UTC 2025","passed","Tue Dec 09 02:23:22 UTC 2025","resolveBuiltIns tests","Integrations tests (Node Namespace Built-ins)","",""
"","0","ensureLeadingAndTrailingSlashes adds both slashes","@withstudiocms/internal_helpers Package Tests","Tue Dec 09 02:22:42 UTC 2025","passed","Tue Dec 09 02:22:42 UTC 2025","ensureLeadingAndTrailingSlashes adds both slashes","Path Generators Tests","",""
"","1","developerConfigSchema test case #4","studiocms Package Tests","Tue Dec 09 02:23:29 UTC 2025","passed","Tue Dec 09 02:23:29 UTC 2025","developerConfigSchema tests","Config Schemas tests (Developer)","",""
"","1","should set correct favicon type for .png","studiocms Package Tests","Tue Dec 09 02:23:06 UTC 2025","passed","Tue Dec 09 02:23:06 UTC 2025","headDefaults test","Head Defaults Virtual tests","",""
"","0","stripTrailingSlash('hello/') should return 'hello'","@studiocms/devapps Package Tests","Tue Dec 09 02:22:54 UTC 2025","passed","Tue Dec 09 02:22:54 UTC 2025","stripTrailingSlash Tests","pathGenerator Utility Function Tests","",""
"","15","Context Utils - parseAPIContextJson","@withstudiocms/effect Package Tests","Tue Dec 09 02:22:46 UTC 2025","passed","Tue Dec 09 02:22:46 UTC 2025","parseAPIContextJson Tests","Context Utils Tests","",""
"","19","Scrypt - makeScrypt creates Scrypt instance with valid config","@withstudiocms/auth-kit Package Tests","Tue Dec 09 02:23:23 UTC 2025","passed","Tue Dec 09 02:23:23 UTC 2025","makeScrypt Tests","Default Module Tests","",""
"","2","AstroAPIContextProvider - should create config with correct structure","@studiocms/devapps Package Tests","Tue Dec 09 02:22:39 UTC 2025","passed","Tue Dec 09 02:22:39 UTC 2025","AstroAPIContextProvider Tests","WordPress API Config Tests","",""
"","1","developerConfigSchema invalid data test case #2","studiocms Package Tests","Tue Dec 09 02:23:29 UTC 2025","passed","Tue Dec 09 02:23:29 UTC 2025","developerConfigSchema tests","Config Schemas tests (Developer)","",""
"","1","CategoryOrTagConfig - should create config with value: [1, 2, 3]","@studiocms/devapps Package Tests","Tue Dec 09 02:22:39 UTC 2025","passed","Tue Dec 09 02:22:39 UTC 2025","CategoryOrTagConfig Tests","WordPress API Config Tests","",""
"","0","buildAliasExports Test Case","@withstudiocms/component-registry Package Tests","Tue Dec 09 02:23:09 UTC 2025","passed","Tue Dec 09 02:23:09 UTC 2025","buildAliasExports Tests","Registry Constants Tests","",""
"","12","ComponentRegistry - validateProps - valid props","@withstudiocms/component-registry Package Tests","Tue Dec 09 02:22:34 UTC 2025","passed","Tue Dec 09 02:22:34 UTC 2025","validateProps Tests","Component Registry Tests","",""
"","0","StatusSchema should validate value: ""future""","@studiocms/devapps Package Tests","Tue Dec 09 02:22:32 UTC 2025","passed","Tue Dec 09 02:22:32 UTC 2025","StatusSchema Tests","WordPress API Schema Tests","",""
"","2","Page - should validate complete page data","@studiocms/devapps Package Tests","Tue Dec 09 02:22:32 UTC 2025","passed","Tue Dec 09 02:22:32 UTC 2025","Page Schema Tests","WordPress API Schema Tests","",""
"","1","StudioCMSRoutes.authLinks.registerAPI should be defined","studiocms Package Tests","Tue Dec 09 02:23:00 UTC 2025","passed","Tue Dec 09 02:23:00 UTC 2025","StudioCMSRoutes.authLinks.registerAPI test","Route Map Virtual tests","",""
"","1","StudioCMSSanitizeOptionsSchema test case #2","studiocms Package Tests","Tue Dec 09 02:22:59 UTC 2025","passed","Tue Dec 09 02:22:59 UTC 2025","StudioCMSSanitizeOptionsSchema tests","Plugins Schemas tests","",""
"","26","Scrypt - Service Tests - Should work with scrypt parameters N:4096, r:8, p:2","@withstudiocms/effect Package Tests","Tue Dec 09 02:22:33 UTC 2025","passed","Tue Dec 09 02:22:33 UTC 2025","ScryptService Tests","Scrypt Service Tests","",""
"","9","Kysely client handles withEncoder and withCodec correctly","@withstudiocms/kysely Package Tests","Tue Dec 09 02:22:59 UTC 2025","passed","Tue Dec 09 02:22:59 UTC 2025","Kysely client handles withEncoder and withCodec correctly","Client Core Functionality","",""
"","1","generateHostContent throws for host as number","studiocms Package Tests","Tue Dec 09 02:22:42 UTC 2025","passed","Tue Dec 09 02:22:42 UTC 2025","generateHostContent error handling test","Robots Core Utils","",""
"","1","StudioCMSRoutes.authLinks.forgotPasswordAPI should be defined","studiocms Package Tests","Tue Dec 09 02:23:00 UTC 2025","passed","Tue Dec 09 02:23:00 UTC 2025","StudioCMSRoutes.authLinks.forgotPasswordAPI test","Route Map Virtual tests","",""
"","1","Const: GhostUserDefaults.avatar","studiocms Package Tests","Tue Dec 09 02:22:44 UTC 2025","passed","Tue Dec 09 02:22:44 UTC 2025","Const: GhostUserDefaults.avatar","consts.ts tests","",""
"","1","formatNotificationOptions should format [] as """"","studiocms Package Tests","Tue Dec 09 02:23:06 UTC 2025","passed","Tue Dec 09 02:23:06 UTC 2025","formatNotificationOptions should format [] as """"","Notifier Client Virtual tests","",""
"","2","should handle invalid options gracefully","@studiocms/devapps Package Tests","Tue Dec 09 02:23:23 UTC 2025","passed","Tue Dec 09 02:23:23 UTC 2025","Integration Creation Tests","StudioCMS DevApps Integration Tests","",""
"","0","Const: currentRESTAPIVersions","studiocms Package Tests","Tue Dec 09 02:22:44 UTC 2025","passed","Tue Dec 09 02:22:44 UTC 2025","Const: currentRESTAPIVersions","consts.ts tests","",""
"","1","parse Invalid Test Case #1","@studiocms/wysiwyg Package Tests","Tue Dec 09 02:23:09 UTC 2025","passed","Tue Dec 09 02:23:09 UTC 2025","parse Function Invalid Input Tests","Utils Tests","",""
"","2","getEnabledNotificationCheckboxes - should return empty array for no enabled options","studiocms Package Tests","Tue Dec 09 02:23:06 UTC 2025","passed","Tue Dec 09 02:23:06 UTC 2025","getEnabledNotificationCheckboxes empty test","Notifier Client Virtual tests","",""
"","0","TransformHTML Test Case","@withstudiocms/component-registry Package Tests","Tue Dec 09 02:22:52 UTC 2025","passed","Tue Dec 09 02:22:52 UTC 2025","transformHTML Tests","TransformHTML Tests","",""
"","27","Components Container tests - FallbackCanvas component","studiocms Package Tests","Tue Dec 09 02:23:13 UTC 2025","passed","Tue Dec 09 02:23:13 UTC 2025","Components Container tests - FallbackCanvas component","Components Container tests","",""
"","23","shows toast and returns if passwords do not match on register","studiocms Package Tests","Tue Dec 09 02:23:37 UTC 2025","passed","Tue Dec 09 02:23:37 UTC 2025","formListener password mismatch test","Form Listener tests","",""
"","1","getLatestVersion - Handles write errors gracefully","@withstudiocms/internal_helpers Package Tests","Tue Dec 09 02:22:31 UTC 2025","passed","Tue Dec 09 02:22:31 UTC 2025","getLatestVersion - Handles write errors gracefully","Astro Integration Utility Tests","",""
"","3","updateToggleElmLabel updates toggle label for ""toggle1"" correctly","studiocms Package Tests","Tue Dec 09 02:23:37 UTC 2025","passed","Tue Dec 09 02:23:37 UTC 2025","updateToggleElmLabel tests","i18n Client Virtuals tests","",""
"","1","should throw StudioCMSCoreError for unsupported favicon extension","studiocms Package Tests","Tue Dec 09 02:23:06 UTC 2025","passed","Tue Dec 09 02:23:06 UTC 2025","headDefaults test","Head Defaults Virtual tests","",""
"","1","safeString test case #3","studiocms Package Tests","Tue Dec 09 02:23:29 UTC 2025","passed","Tue Dec 09 02:23:29 UTC 2025","safeString tests","Dynamic Sitemap Integration and Utils","",""
"","1","Should handle StudioCMS flavor with 'github' callout theme","@studiocms/md Package Tests","Tue Dec 09 02:22:46 UTC 2025","passed","Tue Dec 09 02:22:46 UTC 2025","Plugin Creation Tests","studiocmsMD Plugin Tests","",""
"","3","getFileSizeInKilobytes throws if statSync fails","studiocms Package Tests","Tue Dec 09 02:23:18 UTC 2025","passed","Tue Dec 09 02:23:18 UTC 2025","getFileSizeInKilobytes error handling test","Robots Utils","",""
"","132","Password Module - verifyPasswordHash returns true for correct password","@withstudiocms/auth-kit Package Tests","Tue Dec 09 02:23:10 UTC 2025","passed","Tue Dec 09 02:23:11 UTC 2025","verifyPasswordHash Tests","Password Module Tests","",""
"","1","PostFormatSchema should reject invalid value: ""invalid""","@studiocms/devapps Package Tests","Tue Dec 09 02:22:32 UTC 2025","passed","Tue Dec 09 02:22:32 UTC 2025","PostFormatSchema Tests","WordPress API Schema Tests","",""
"","4","WYSIWYG Editor Component Test Case #2","@studiocms/wysiwyg Package Tests","Tue Dec 09 02:23:24 UTC 2025","passed","Tue Dec 09 02:23:24 UTC 2025","WYSIWYG Editor Component Tests","StudioCMS WYSIWYG Plugin Tests","",""
"","1","Session Module - deleteSessionTokenCookie sets cookie with empty value and maxAge 0","@withstudiocms/auth-kit Package Tests","Tue Dec 09 02:22:46 UTC 2025","passed","Tue Dec 09 02:22:46 UTC 2025","deleteSessionTokenCookie Tests","Session Module Tests","",""
"","1","Clack - useClackErrorPromise returns Effect that fails with ClackError if error is thrown","@withstudiocms/effect Package Tests","Tue Dec 09 02:23:17 UTC 2025","passed","Tue Dec 09 02:23:17 UTC 2025","useClackErrorPromise Tests","Clack Wrapper Tests","",""
"","1","Const: studioCMSSocials.githubLicense","studiocms Package Tests","Tue Dec 09 02:22:44 UTC 2025","passed","Tue Dec 09 02:22:44 UTC 2025","Const: studioCMSSocials.githubLicense","consts.ts tests","",""
"","0","Middleware - handlerFilter","@withstudiocms/effect Package Tests","Tue Dec 09 02:22:53 UTC 2025","passed","Tue Dec 09 02:22:53 UTC 2025","handlerFilter Tests","Middleware Utility Tests","",""
"","3","buildSQLiteTriggerSQL builds correct SQL","@withstudiocms/kysely Package Tests","Tue Dec 09 02:22:48 UTC 2025","passed","Tue Dec 09 02:22:48 UTC 2025","buildSQLiteTriggerSQL Utility","Trigger Utilities","",""
"","1","StudioCMSOptionsSchema specific field test case #5","studiocms Package Tests","Tue Dec 09 02:23:04 UTC 2025","passed","Tue Dec 09 02:23:04 UTC 2025","StudioCMSOptionsSchema tests","Config Schemas tests (Index)","",""
"","1","Const: NotificationSettingsDefaults.emailVerification","studiocms Package Tests","Tue Dec 09 02:22:44 UTC 2025","passed","Tue Dec 09 02:22:44 UTC 2025","Const: NotificationSettingsDefaults.emailVerification","consts.ts tests","",""
"","1","dashboardConfigSchema optional test case #2","studiocms Package Tests","Tue Dec 09 02:23:20 UTC 2025","passed","Tue Dec 09 02:23:20 UTC 2025","dashboardConfigSchema tests","Config Schemas tests (Dashboard)","",""
"","0","parse('true') should return expected object","@studiocms/wysiwyg Package Tests","Tue Dec 09 02:23:09 UTC 2025","passed","Tue Dec 09 02:23:09 UTC 2025","parse Function Tests","Utils Tests","",""
"","6","Plugin Creation - Validates Plugin Structure","@studiocms/auth0 Package Tests","Tue Dec 09 02:23:03 UTC 2025","passed","Tue Dec 09 02:23:03 UTC 2025","Plugin Creation Tests","Auth0 Plugin Tests","",""
"","1","StringConfig - should ensure config is defined","@studiocms/devapps Package Tests","Tue Dec 09 02:22:39 UTC 2025","passed","Tue Dec 09 02:22:39 UTC 2025","Configuration Validation Tests","WordPress API Config Tests","",""
"","2","Zod Utils - parseAndMerge Tests","@withstudiocms/config-utils Package Tests","Tue Dec 09 02:23:00 UTC 2025","passed","Tue Dec 09 02:23:00 UTC 2025","parseAndMerge Test Set","Zod Utility Tests","",""
"","0","decode - input: foo &amp; bar","@withstudiocms/component-registry Package Tests","Tue Dec 09 02:23:28 UTC 2025","passed","Tue Dec 09 02:23:28 UTC 2025","decode Tests","Component Proxy Tests","",""
"","1","PostFormatSchema should reject invalid value: ""blog""","@studiocms/devapps Package Tests","Tue Dec 09 02:22:32 UTC 2025","passed","Tue Dec 09 02:22:32 UTC 2025","PostFormatSchema Tests","WordPress API Schema Tests","",""
"","0","ensureLeadingSlash('/hello') should return '/hello'","@studiocms/devapps Package Tests","Tue Dec 09 02:22:54 UTC 2025","passed","Tue Dec 09 02:22:54 UTC 2025","ensureLeadingSlash Tests","pathGenerator Utility Function Tests","",""
"","4","Watcher Utils - exists Tests","@withstudiocms/config-utils Package Tests","Tue Dec 09 02:23:15 UTC 2025","passed","Tue Dec 09 02:23:15 UTC 2025","exists Test Set","Watcher Utility Tests","",""
"","1","validateUrl passes for valid sitemap url: http://example.com/sitemap.json","studiocms Package Tests","Tue Dec 09 02:22:42 UTC 2025","passed","Tue Dec 09 02:22:42 UTC 2025","validateUrl valid sitemap url tests","Robots Core Utils","",""
"","0","TemplateRenderer - Missing variable with custom default value","@withstudiocms/template-lang Package Tests","Tue Dec 09 02:22:31 UTC 2025","passed","Tue Dec 09 02:22:31 UTC 2025","TemplateRenderer - Missing variable with custom default value","TemplateRenderer Tests","",""
"","0","Utility - convertUnderscoresToHyphens converts ""_hello_world_"" to ""-hello-world-""","@withstudiocms/component-registry Package Tests","Tue Dec 09 02:22:37 UTC 2025","passed","Tue Dec 09 02:22:37 UTC 2025","convertUnderscoresToHyphens Tests","Utility Tests","",""
"","2","Components Container tests - PageHeader component","studiocms Package Tests","Tue Dec 09 02:23:13 UTC 2025","passed","Tue Dec 09 02:23:13 UTC 2025","Components Container tests - PageHeader component","Components Container tests","",""
"","0","Middleware - handlerFilter","@withstudiocms/effect Package Tests","Tue Dec 09 02:22:53 UTC 2025","passed","Tue Dec 09 02:22:53 UTC 2025","handlerFilter Tests","Middleware Utility Tests","",""
"","0","Errors - toComponentProxyError - Handle errors without message property","@withstudiocms/component-registry Package Tests","Tue Dec 09 02:22:53 UTC 2025","passed","Tue Dec 09 02:22:53 UTC 2025","toComponentProxyError Tests","Error Tests","",""
"","1","should handle complex nested JSON structures","@studiocms/cloudinary-image-service Package Tests","Tue Dec 09 02:22:54 UTC 2025","passed","Tue Dec 09 02:22:54 UTC 2025","readJson Functionality Tests","readJson Utility Function Tests","",""
"","4","User Utility - verifyUsernameCharacters","@withstudiocms/auth-kit Package Tests","Tue Dec 09 02:22:57 UTC 2025","passed","Tue Dec 09 02:22:57 UTC 2025","verifyUsernameCharacters Tests","User Utility Tests","",""
"","2","StudioCMSOptionsSchema specific field test case #1","studiocms Package Tests","Tue Dec 09 02:23:04 UTC 2025","passed","Tue Dec 09 02:23:04 UTC 2025","StudioCMSOptionsSchema tests","Config Schemas tests (Index)","",""
"","1","sdkRouteResolver('status') should return '/studiocms_api/sdk/status'","studiocms Package Tests","Tue Dec 09 02:23:05 UTC 2025","passed","Tue Dec 09 02:23:05 UTC 2025","sdkRouteResolver test","Make API Route Virtual tests","",""
"","1","should resolve parent directory paths correctly","@withstudiocms/internal_helpers Package Tests","Tue Dec 09 02:22:42 UTC 2025","passed","Tue Dec 09 02:22:42 UTC 2025","should resolve parent directory paths correctly","Path Resolver Tests","",""
"","0","firstUpperCase('world') should return 'World'","@studiocms/wysiwyg Package Tests","Tue Dec 09 02:23:09 UTC 2025","passed","Tue Dec 09 02:23:09 UTC 2025","firstUpperCase Function Tests","Utils Tests","",""
"","0","TemplateParser - Should return empty array for no variables","@withstudiocms/template-lang Package Tests","Tue Dec 09 02:22:31 UTC 2025","passed","Tue Dec 09 02:22:31 UTC 2025","TemplateParser - Should return empty array for no variables","TemplateParser Tests","",""
"","1","StudioCMSRoutes.mainLinks.contentManagementFolderEdit should be defined","studiocms Package Tests","Tue Dec 09 02:23:00 UTC 2025","passed","Tue Dec 09 02:23:00 UTC 2025","StudioCMSRoutes.mainLinks.contentManagementFolderEdit test","Route Map Virtual tests","",""
"","9","Errors - toComponentProxyError - Handle undefined error gracefully","@withstudiocms/component-registry Package Tests","Tue Dec 09 02:22:53 UTC 2025","passed","Tue Dec 09 02:22:53 UTC 2025","toComponentProxyError Tests","Error Tests","",""
"","1","MigratorError is instance of TaggedError","@withstudiocms/kysely Package Tests","Tue Dec 09 02:23:30 UTC 2025","passed","Tue Dec 09 02:23:30 UTC 2025","MigratorError","Error Classes","",""
"","1","Const: studioCMSSocials.npm","studiocms Package Tests","Tue Dec 09 02:22:44 UTC 2025","passed","Tue Dec 09 02:22:44 UTC 2025","Const: studioCMSSocials.npm","consts.ts tests","",""
"","1","PostFormatSchema should validate value: ""standard""","@studiocms/devapps Package Tests","Tue Dec 09 02:22:32 UTC 2025","passed","Tue Dec 09 02:22:32 UTC 2025","PostFormatSchema Tests","WordPress API Schema Tests","",""
"","0","RawPageData - should validate all required fields are present","@studiocms/devapps Package Tests","Tue Dec 09 02:22:39 UTC 2025","passed","Tue Dec 09 02:22:39 UTC 2025","RawPageData Tests","WordPress API Config Tests","",""
"","0","Utility - dedent correctly dedents input","@withstudiocms/component-registry Package Tests","Tue Dec 09 02:22:37 UTC 2025","passed","Tue Dec 09 02:22:37 UTC 2025","dedent Tests","Utility Tests","",""
"","5","Virtual Components Container tests - FormattedDate component","studiocms Package Tests","Tue Dec 09 02:23:29 UTC 2025","passed","Tue Dec 09 02:23:29 UTC 2025","Virtual Components Container tests - FormattedDate component","Virtual Components Container tests","",""
"","108","Scrypt - Service Tests - Should produce different results for different inputs","@withstudiocms/effect Package Tests","Tue Dec 09 02:22:33 UTC 2025","passed","Tue Dec 09 02:22:33 UTC 2025","ScryptService Tests","Scrypt Service Tests","",""
"","0","Middleware - handlerFilter","@withstudiocms/effect Package Tests","Tue Dec 09 02:22:53 UTC 2025","passed","Tue Dec 09 02:22:53 UTC 2025","handlerFilter Tests","Middleware Utility Tests","",""
"throws on unknown semver category","2","loadChangelog - throws on unknown semver category","@withstudiocms/internal_helpers Package Tests","Tue Dec 09 02:22:33 UTC 2025","passed","Tue Dec 09 02:22:33 UTC 2025","loadChangelog - throws on unknown semver category","Utility Functions","",""
"","1","StudioCMSRoutes.mainLinks.passwordReset should be defined","studiocms Package Tests","Tue Dec 09 02:23:00 UTC 2025","passed","Tue Dec 09 02:23:00 UTC 2025","StudioCMSRoutes.mainLinks.passwordReset test","Route Map Virtual tests","",""
"","2","Should return original src when image processing throws an error","@studiocms/cloudinary-image-service Package Tests","Tue Dec 09 02:22:35 UTC 2025","passed","Tue Dec 09 02:22:35 UTC 2025","Image URL Generation Tests","Cloudinary Image Service - Image URL Generation Tests","",""
"","0","makePasswordModConfig with CMS_ENCRYPTION_KEY=""AQID"" throws error","@withstudiocms/auth-kit Package Tests","Tue Dec 09 02:22:44 UTC 2025","passed","Tue Dec 09 02:22:44 UTC 2025","makePasswordModConfig Tests","Config Tests","",""
"","0","FullPageData - should validate all required fields are present","@studiocms/devapps Package Tests","Tue Dec 09 02:22:39 UTC 2025","passed","Tue Dec 09 02:22:39 UTC 2025","FullPageData Tests","WordPress API Config Tests","",""
"","2","should add CloudinaryENVIntegration","@studiocms/cloudinary-image-service Package Tests","Tue Dec 09 02:22:47 UTC 2025","passed","Tue Dec 09 02:22:47 UTC 2025","Astro Integration Tests","Cloudinary Image Service Plugin Tests","",""
"","2","Session Module - validateSessionToken returns session and user for valid session","@withstudiocms/auth-kit Package Tests","Tue Dec 09 02:22:46 UTC 2025","passed","Tue Dec 09 02:22:46 UTC 2025","validateSessionToken Valid Session Tests","Session Module Tests","",""
"","0","isFaviconExt should return true for valid extension","@studiocms/blog Package Tests","Tue Dec 09 02:22:53 UTC 2025","passed","Tue Dec 09 02:22:53 UTC 2025","isFaviconExt Function Tests","Type Definitions Tests","",""
"","0","Middleware - sortByPriority","@withstudiocms/effect Package Tests","Tue Dec 09 02:22:53 UTC 2025","passed","Tue Dec 09 02:22:53 UTC 2025","sortByPriority Tests","Middleware Utility Tests","",""
"","7","updateElmLabel updates label for ""foo"" correctly","studiocms Package Tests","Tue Dec 09 02:23:37 UTC 2025","passed","Tue Dec 09 02:23:37 UTC 2025","updateElmLabel tests","i18n Client Virtuals tests","",""
"","0","stripHtmlExtension removes .html extension","@withstudiocms/internal_helpers Package Tests","Tue Dec 09 02:22:42 UTC 2025","passed","Tue Dec 09 02:22:42 UTC 2025","stripHtmlExtension removes .html extension","Path Generators Tests","",""
"","0","Utility - dedent correctly dedents input","@withstudiocms/component-registry Package Tests","Tue Dec 09 02:22:37 UTC 2025","passed","Tue Dec 09 02:22:37 UTC 2025","dedent Tests","Utility Tests","",""
"","0","should have correct type and default for blog.title","@studiocms/blog Package Tests","Tue Dec 09 02:22:53 UTC 2025","passed","Tue Dec 09 02:22:53 UTC 2025","FrontEndConfigSchema Tests","Type Definitions Tests","",""
"","0","decodeHTML with input: Smile: &#128512;","@withstudiocms/component-registry Package Tests","Tue Dec 09 02:22:47 UTC 2025","passed","Tue Dec 09 02:22:47 UTC 2025","decodeHTML Tests","Component Proxy Tests","",""
"","2","MetaDataSchema should validate input: [{""key"":""test"",""value"":""value""},{""key"":""number"",""value"":123},{""key"":""boolean"",""value"":true}]","@studiocms/devapps Package Tests","Tue Dec 09 02:22:32 UTC 2025","passed","Tue Dec 09 02:22:32 UTC 2025","MetaDataSchema Tests","WordPress API Schema Tests","",""
"","66","StringConfig - should create layer with makeLayer","@studiocms/devapps Package Tests","Tue Dec 09 02:22:39 UTC 2025","passed","Tue Dec 09 02:22:39 UTC 2025","StringConfig Tests","WordPress API Config Tests","",""
"","0","parse Invalid Test Case #5","@studiocms/wysiwyg Package Tests","Tue Dec 09 02:23:09 UTC 2025","passed","Tue Dec 09 02:23:09 UTC 2025","parse Function Invalid Input Tests","Utils Tests","",""
"","7","Plugin Creation - Validates Plugin Structure","@studiocms/blog Package Tests","Tue Dec 09 02:23:01 UTC 2025","passed","Tue Dec 09 02:23:01 UTC 2025","Plugin Creation Tests","Blog Plugin Tests","",""
"","54","Password Utility - breakSecurePassword throws error for input ""badformat""","@withstudiocms/auth-kit Package Tests","Tue Dec 09 02:22:57 UTC 2025","passed","Tue Dec 09 02:22:57 UTC 2025","breakSecurePassword Error Handling Tests","Password Utility Tests","",""
"","0","Utility - dedent correctly dedents input","@withstudiocms/component-registry Package Tests","Tue Dec 09 02:22:37 UTC 2025","passed","Tue Dec 09 02:22:37 UTC 2025","dedent Tests","Utility Tests","",""
"","1","Const: Next_NotificationSettingsId","studiocms Package Tests","Tue Dec 09 02:22:44 UTC 2025","passed","Tue Dec 09 02:22:44 UTC 2025","Const: Next_NotificationSettingsId","consts.ts tests","",""
"","0","OpenClosedSchema should validate value: ""closed""","@studiocms/devapps Package Tests","Tue Dec 09 02:22:32 UTC 2025","passed","Tue Dec 09 02:22:32 UTC 2025","OpenClosedSchema Tests","WordPress API Schema Tests","",""
"","0","makePasswordModConfig with CMS_ENCRYPTION_KEY=""AQEBAQEBAQEBAQEBAQEBAQ=="" returns valid config","@withstudiocms/auth-kit Package Tests","Tue Dec 09 02:22:44 UTC 2025","passed","Tue Dec 09 02:22:44 UTC 2025","makePasswordModConfig Tests","Config Tests","",""
"replaces non-alphanumeric with underscores and lowercases","1","convertToSafeString - replaces non-alphanumeric with underscores and lowercases","@withstudiocms/internal_helpers Package Tests","Tue Dec 09 02:22:33 UTC 2025","passed","Tue Dec 09 02:22:33 UTC 2025","convertToSafeString - replaces non-alphanumeric with underscores and lowercases","Utility Functions","",""
"","0","ensureHtmlExtension adds .html if missing","@withstudiocms/internal_helpers Package Tests","Tue Dec 09 02:22:42 UTC 2025","passed","Tue Dec 09 02:22:42 UTC 2025","ensureHtmlExtension adds .html if missing","Path Generators Tests","",""
"returns empty string for input with only special characters","0","convertToSafeString - returns empty string for input with only special characters","@withstudiocms/internal_helpers Package Tests","Tue Dec 09 02:22:33 UTC 2025","passed","Tue Dec 09 02:22:33 UTC 2025","convertToSafeString - returns empty string for input with only special characters","Utility Functions","",""
"","0","firstUpperCase('ñandú') should return 'Ñandú'","@studiocms/wysiwyg Package Tests","Tue Dec 09 02:23:09 UTC 2025","passed","Tue Dec 09 02:23:09 UTC 2025","firstUpperCase Function Tests","Utils Tests","",""
"","0","User Utility - parseRequiredPerms","@withstudiocms/auth-kit Package Tests","Tue Dec 09 02:22:57 UTC 2025","passed","Tue Dec 09 02:22:57 UTC 2025","parseRequiredPerms Tests","User Utility Tests","",""
"","17","API Route - defineAPIRoute (deprecated Utility)","@withstudiocms/effect Package Tests","Tue Dec 09 02:22:35 UTC 2025","passed","Tue Dec 09 02:22:35 UTC 2025","defineAPIRoute Tests (Deprecated)","API Route Helpers Tests","",""
"","1","SDKSchema test case #3","studiocms Package Tests","Tue Dec 09 02:22:54 UTC 2025","passed","Tue Dec 09 02:22:54 UTC 2025","SDKSchema tests","Config Schemas tests (SDK)","",""
"","0","pathWithBase('hello/world', 'https://example.com') should return 'https://example.com/hello/world'","@studiocms/devapps Package Tests","Tue Dec 09 02:22:54 UTC 2025","passed","Tue Dec 09 02:22:54 UTC 2025","pathWithBase Tests","pathGenerator Utility Function Tests","",""
"","0","parse Invalid Test Case #7","@studiocms/wysiwyg Package Tests","Tue Dec 09 02:23:09 UTC 2025","passed","Tue Dec 09 02:23:09 UTC 2025","parse Function Invalid Input Tests","Utils Tests","",""
"","0","Middleware - matchFilterCheck","@withstudiocms/effect Package Tests","Tue Dec 09 02:22:53 UTC 2025","passed","Tue Dec 09 02:22:53 UTC 2025","matchFilterCheck Tests","Middleware Utility Tests","",""
"","1","should handle very long URLs","@studiocms/cloudinary-image-service Package Tests","Tue Dec 09 02:22:35 UTC 2025","passed","Tue Dec 09 02:22:35 UTC 2025","Image URL Generation Tests","Cloudinary Image Service - Image URL Generation Tests","",""
"","1","getEnabledNotificationCheckboxes - should ignore unknown keys in FormData","studiocms Package Tests","Tue Dec 09 02:23:06 UTC 2025","passed","Tue Dec 09 02:23:06 UTC 2025","getEnabledNotificationCheckboxes ignore unknown keys test","Notifier Client Virtual tests","",""
"","1","Schema Invalid Input Test #1","@studiocms/html Package Tests","Tue Dec 09 02:23:19 UTC 2025","passed","Tue Dec 09 02:23:19 UTC 2025","Schema Invalid Input Tests","HTMLSchema Type Tests","",""
"","0","Libravatar Utils - serviceName for domain ""example.com"" with https=true","@withstudiocms/auth-kit Package Tests","Tue Dec 09 02:22:44 UTC 2025","passed","Tue Dec 09 02:22:44 UTC 2025","serviceName Tests","Libravatar Utility Tests","",""
"","1","Const: routesDir.sdk","studiocms Package Tests","Tue Dec 09 02:22:44 UTC 2025","passed","Tue Dec 09 02:22:44 UTC 2025","Const: routesDir.sdk","consts.ts tests","",""
"","0","Utility - Integration test - dedent and convertHyphensToUnderscores","@withstudiocms/component-registry Package Tests","Tue Dec 09 02:22:37 UTC 2025","passed","Tue Dec 09 02:22:37 UTC 2025","Integration Test - dedent and convertHyphensToUnderscores","Utility Tests","",""
"","7","KyselyTableManager handles existing tables correctly","@withstudiocms/kysely Package Tests","Tue Dec 09 02:22:40 UTC 2025","passed","Tue Dec 09 02:22:40 UTC 2025","KyselyTableManager handles existing tables correctly","Plugin Utilities","",""
"","1","should generate sorted languageSelectorOptions","studiocms Package Tests","Tue Dec 09 02:23:15 UTC 2025","passed","Tue Dec 09 02:23:15 UTC 2025","languageSelectorOptions tests","i18n Config tests","",""
"","2","Schema test case #2 | Current Schema: StudioCMSColorway","studiocms Package Tests","Tue Dec 09 02:22:58 UTC 2025","passed","Tue Dec 09 02:22:58 UTC 2025","Schema Tests","Plugins Schemas tests (Shared)","",""
"","4","definePlugin returns correct plugin object","studiocms Package Tests","Tue Dec 09 02:22:59 UTC 2025","passed","Tue Dec 09 02:22:59 UTC 2025","definePlugin returns correct plugin object","Plugins Schemas tests","",""
"","3","Footer renders correctly","@studiocms/blog Package Tests","Tue Dec 09 02:22:41 UTC 2025","passed","Tue Dec 09 02:22:41 UTC 2025","Footer Component Tests","Component Tests","",""
"","5","getUrlParam should throw AstroError for malformed URL","studiocms Package Tests","Tue Dec 09 02:23:07 UTC 2025","passed","Tue Dec 09 02:23:07 UTC 2025","getUrlParam tests","oAuthUtils tests","",""
"","1","getCurrentURLPath returns correct path for pathname ""/en/dashboard"" and referer ""undefined""","studiocms Package Tests","Tue Dec 09 02:22:59 UTC 2025","passed","Tue Dec 09 02:22:59 UTC 2025","getCurrentURLPath tests","i18n Server Virtuals tests","",""
"","1","StudioCMSRoutes.mainLinks.userManagement should be defined","studiocms Package Tests","Tue Dec 09 02:23:00 UTC 2025","passed","Tue Dec 09 02:23:00 UTC 2025","StudioCMSRoutes.mainLinks.userManagement test","Route Map Virtual tests","",""
"","4","Middleware - matchFilterCheck","@withstudiocms/effect Package Tests","Tue Dec 09 02:22:53 UTC 2025","passed","Tue Dec 09 02:22:53 UTC 2025","matchFilterCheck Tests","Middleware Utility Tests","",""
"","3","Virtual Components Container tests - Renderer (no content) component","studiocms Package Tests","Tue Dec 09 02:23:29 UTC 2025","passed","Tue Dec 09 02:23:29 UTC 2025","Virtual Components Container tests - Renderer (no content) component","Virtual Components Container tests","",""
"","54","UserQuickTools toggles menu open/close on click","studiocms Package Tests","Tue Dec 09 02:23:37 UTC 2025","passed","Tue Dec 09 02:23:37 UTC 2025","menu toggles open/close on click","UserQuickTools Virtual Script tests","",""
"","1","Watcher Utils - exists Tests","@withstudiocms/config-utils Package Tests","Tue Dec 09 02:23:15 UTC 2025","passed","Tue Dec 09 02:23:15 UTC 2025","exists Test Set","Watcher Utility Tests","",""
"","1","TransformHTML - Integration Test","@withstudiocms/component-registry Package Tests","Tue Dec 09 02:22:52 UTC 2025","passed","Tue Dec 09 02:22:52 UTC 2025","Integration Test","TransformHTML Tests","",""
"parses semver categories and changes from changelog markdown","20","loadChangelog - parses semver categories and changes","@withstudiocms/internal_helpers Package Tests","Tue Dec 09 02:22:33 UTC 2025","passed","Tue Dec 09 02:22:33 UTC 2025","loadChangelog - parses semver categories and changes","Utility Functions","",""
"","4","Clack - useClackError returns Effect that fails with ClackError if error is thrown","@withstudiocms/effect Package Tests","Tue Dec 09 02:23:17 UTC 2025","passed","Tue Dec 09 02:23:17 UTC 2025","useClackError Tests","Clack Wrapper Tests","",""
"","4","Components Container tests - StaticAuthCheck component","studiocms Package Tests","Tue Dec 09 02:23:13 UTC 2025","passed","Tue Dec 09 02:23:13 UTC 2025","Components Container tests - StaticAuthCheck component","Components Container tests","",""
"","1","Default Template Engine tests - passwordReset template","studiocms Package Tests","Tue Dec 09 02:23:26 UTC 2025","passed","Tue Dec 09 02:23:26 UTC 2025","Default Template Engine tests - passwordReset template","Default Template Engine tests","",""
"","2","getHookResults runs studiocms:config hook correctly","studiocms Package Tests","Tue Dec 09 02:22:50 UTC 2025","passed","Tue Dec 09 02:22:50 UTC 2025","getHookResults runs studiocms:config hook correctly","StudioCMSPluginTester tests","",""
"","2","sitemap-index.xml template generates correct XML for empty entries","studiocms Package Tests","Tue Dec 09 02:22:58 UTC 2025","passed","Tue Dec 09 02:22:58 UTC 2025","template tests","Dynamic Sitemap - sitemap-index.xml","",""
"","4","Clack - ClackError sets tag and cause","@withstudiocms/effect Package Tests","Tue Dec 09 02:23:17 UTC 2025","passed","Tue Dec 09 02:23:17 UTC 2025","ClackError Tests","Clack Wrapper Tests","",""
"throws on unexpected node type","2","loadChangelog - throws on unexpected node type","@withstudiocms/internal_helpers Package Tests","Tue Dec 09 02:22:33 UTC 2025","passed","Tue Dec 09 02:22:33 UTC 2025","loadChangelog - throws on unexpected node type","Utility Functions","",""
"","0","TemplateEngine - Should use default value for missing variables","@withstudiocms/template-lang Package Tests","Tue Dec 09 02:22:31 UTC 2025","passed","Tue Dec 09 02:22:31 UTC 2025","TemplateEngine - Should use default value for missing variables","TemplateEngine Tests","",""
"","1","StatusSchema should reject invalid value: ""inactive""","@studiocms/devapps Package Tests","Tue Dec 09 02:22:32 UTC 2025","passed","Tue Dec 09 02:22:32 UTC 2025","StatusSchema Tests","WordPress API Schema Tests","",""
"","1","generateContent throws for invalid config: {""policy"":[{""userAgent"":""*"",""allow"":[""/""],""disallow"":[""/private""],""crawlDelay"":-1}],""sitemap"":false,""host"":false}","studiocms Package Tests","Tue Dec 09 02:22:42 UTC 2025","passed","Tue Dec 09 02:22:42 UTC 2025","generateContent invalid config tests","Robots Core Utils","",""
"trims leading and trailing underscores","0","convertToSafeString - trims leading and trailing underscores","@withstudiocms/internal_helpers Package Tests","Tue Dec 09 02:22:33 UTC 2025","passed","Tue Dec 09 02:22:33 UTC 2025","convertToSafeString - trims leading and trailing underscores","Utility Functions","",""
"","0","replaceCodePoint with input: 128512","@withstudiocms/component-registry Package Tests","Tue Dec 09 02:22:47 UTC 2025","passed","Tue Dec 09 02:22:47 UTC 2025","replaceCodePoint Tests","Component Proxy Tests","",""
"","1","SDKCacheSchema test case #1","studiocms Package Tests","Tue Dec 09 02:22:54 UTC 2025","passed","Tue Dec 09 02:22:54 UTC 2025","SDKCacheSchema tests","Config Schemas tests (SDK)","",""
"","0","parse Invalid Test Case #6","@studiocms/wysiwyg Package Tests","Tue Dec 09 02:23:09 UTC 2025","passed","Tue Dec 09 02:23:09 UTC 2025","parse Function Invalid Input Tests","Utils Tests","",""
"","0","pathWithBase('', 'https://example.com') should return 'https://example.com/'","@studiocms/devapps Package Tests","Tue Dec 09 02:22:54 UTC 2025","passed","Tue Dec 09 02:22:54 UTC 2025","pathWithBase Tests","pathGenerator Utility Function Tests","",""
"","0","stripLeadingSlash('') should return ''","@studiocms/devapps Package Tests","Tue Dec 09 02:22:54 UTC 2025","passed","Tue Dec 09 02:22:54 UTC 2025","stripLeadingSlash Tests","pathGenerator Utility Function Tests","",""
"","1","fileWithBase - Strips leading slash and prepends one","@withstudiocms/internal_helpers Package Tests","Tue Dec 09 02:22:42 UTC 2025","passed","Tue Dec 09 02:22:42 UTC 2025","fileWithBase - Strips leading slash and prepends one","Path Generators Tests","",""
"","1","StudioCMSOptionsSchema specific field test case #4","studiocms Package Tests","Tue Dec 09 02:23:04 UTC 2025","passed","Tue Dec 09 02:23:04 UTC 2025","StudioCMSOptionsSchema tests","Config Schemas tests (Index)","",""
"","0","replaceCodePoint with input: 65","@withstudiocms/component-registry Package Tests","Tue Dec 09 02:22:47 UTC 2025","passed","Tue Dec 09 02:22:47 UTC 2025","replaceCodePoint Tests","Component Proxy Tests","",""
"","0","PostFormatSchema should validate value: ""aside""","@studiocms/devapps Package Tests","Tue Dec 09 02:22:32 UTC 2025","passed","Tue Dec 09 02:22:32 UTC 2025","PostFormatSchema Tests","WordPress API Schema Tests","",""
"","1","generateHostContent returns empty string for host: localhost","studiocms Package Tests","Tue Dec 09 02:22:42 UTC 2025","passed","Tue Dec 09 02:22:42 UTC 2025","generateHostContent tests","Robots Core Utils","",""
"","1","Const: GhostUserDefaults.username","studiocms Package Tests","Tue Dec 09 02:22:44 UTC 2025","passed","Tue Dec 09 02:22:44 UTC 2025","Const: GhostUserDefaults.username","consts.ts tests","",""
"","1","validateHost passes for valid host: sub.domain.co.uk","studiocms Package Tests","Tue Dec 09 02:22:42 UTC 2025","passed","Tue Dec 09 02:22:42 UTC 2025","validateHost valid host tests","Robots Core Utils","",""
"","1","makeAPIRoute('users')('settings') should return '/studiocms_api/users/settings'","studiocms Package Tests","Tue Dec 09 02:23:05 UTC 2025","passed","Tue Dec 09 02:23:05 UTC 2025","makeAPIRoute test","Make API Route Virtual tests","",""
"","1","API Route - EffectAPIRouteBuilder","@withstudiocms/effect Package Tests","Tue Dec 09 02:22:35 UTC 2025","passed","Tue Dec 09 02:22:35 UTC 2025","EffectAPIRouteBuilder Tests","API Route Helpers Tests","",""
"","0","DownloadImageConfig - should create config with imageUrl: https://example.com/image.jpg","@studiocms/devapps Package Tests","Tue Dec 09 02:22:39 UTC 2025","passed","Tue Dec 09 02:22:39 UTC 2025","DownloadImageConfig Tests","WordPress API Config Tests","",""
"","0","TemplateParser - Should handle duplicate variables","@withstudiocms/template-lang Package Tests","Tue Dec 09 02:22:31 UTC 2025","passed","Tue Dec 09 02:22:31 UTC 2025","TemplateParser - Should handle duplicate variables","TemplateParser Tests","",""
"","1","RenderedProtectData should validate rendered protected data structure","@studiocms/devapps Package Tests","Tue Dec 09 02:22:32 UTC 2025","passed","Tue Dec 09 02:22:32 UTC 2025","RenderedProtectData Tests","WordPress API Schema Tests","",""
"","1","Session Utility - makeExpirationDate returns a Date in the future","@withstudiocms/auth-kit Package Tests","Tue Dec 09 02:23:16 UTC 2025","passed","Tue Dec 09 02:23:16 UTC 2025","makeExpirationDate Tests","Session Utility Tests","",""
"","3","renders markdown correctly for flavor: astro","@studiocms/md Package Tests","Tue Dec 09 02:23:15 UTC 2025","passed","Tue Dec 09 02:23:15 UTC 2025","Markdown Rendering Tests","markdown-prerender Module Tests","",""
"","4","calls fetch with correct arguments and shows success toast on login","studiocms Package Tests","Tue Dec 09 02:23:37 UTC 2025","passed","Tue Dec 09 02:23:37 UTC 2025","formListener login success test","Form Listener tests","",""
"","21","Config Loader - bundleConfigFile","@withstudiocms/config-utils Package Tests","Tue Dec 09 02:22:39 UTC 2025","passed","Tue Dec 09 02:22:39 UTC 2025","bundleConfigFile Tests","Config Loader Tests","",""
"","1","makePasswordModConfig with CMS_ENCRYPTION_KEY="""" throws error","@withstudiocms/auth-kit Package Tests","Tue Dec 09 02:22:44 UTC 2025","passed","Tue Dec 09 02:22:44 UTC 2025","makePasswordModConfig Tests","Config Tests","",""
"","1","authConfigSchema test case #4","studiocms Package Tests","Tue Dec 09 02:23:31 UTC 2025","passed","Tue Dec 09 02:23:31 UTC 2025","authConfigSchema tests","Config Schemas tests (Auth)","",""
"","1","Response Helpers - createTextResponse","@withstudiocms/effect Package Tests","Tue Dec 09 02:22:42 UTC 2025","passed","Tue Dec 09 02:22:42 UTC 2025","createTextResponse Tests","Response Helpers Tests","",""
"","0","pathGenerator('', 'https://example.com') should create correct path builder","@studiocms/devapps Package Tests","Tue Dec 09 02:22:54 UTC 2025","passed","Tue Dec 09 02:22:54 UTC 2025","pathGenerator Tests","pathGenerator Utility Function Tests","",""
"","0","decodeHTMLStrict with input: foo &amp; bar","@withstudiocms/component-registry Package Tests","Tue Dec 09 02:22:47 UTC 2025","passed","Tue Dec 09 02:22:47 UTC 2025","decodeHTMLStrict Tests","Component Proxy Tests","",""
"","0","CheckIfUnsafe.password - should return false for password ""uniquepassword123""","@withstudiocms/auth-kit Package Tests","Tue Dec 09 02:23:31 UTC 2025","passed","Tue Dec 09 02:23:31 UTC 2025","CheckIfUnsafe.password Tests","CheckIfUnsafe Tests","",""
"","2","getCookie should throw AstroError for malformed cookies object","studiocms Package Tests","Tue Dec 09 02:23:07 UTC 2025","passed","Tue Dec 09 02:23:07 UTC 2025","getCookie tests","oAuthUtils tests","",""
"","0","isFaviconExt should return true for valid extension","@studiocms/blog Package Tests","Tue Dec 09 02:22:53 UTC 2025","passed","Tue Dec 09 02:22:53 UTC 2025","isFaviconExt Function Tests","Type Definitions Tests","",""
"","0","should have correct type and default for blog.route","@studiocms/blog Package Tests","Tue Dec 09 02:22:53 UTC 2025","passed","Tue Dec 09 02:22:53 UTC 2025","FrontEndConfigSchema Tests","Type Definitions Tests","",""
"","1","resolveBuiltIns test case #8","studiocms Package Tests","Tue Dec 09 02:23:22 UTC 2025","passed","Tue Dec 09 02:23:22 UTC 2025","resolveBuiltIns tests","Integrations tests (Node Namespace Built-ins)","",""
"","7","should generate default head tags with required fields","studiocms Package Tests","Tue Dec 09 02:23:06 UTC 2025","passed","Tue Dec 09 02:23:06 UTC 2025","headDefaults test","Head Defaults Virtual tests","",""
"","0","StudioCMSDevAppsSchema should parse config: {""endpoint"":""custom-endpoint""}","@studiocms/devapps Package Tests","Tue Dec 09 02:22:55 UTC 2025","passed","Tue Dec 09 02:22:55 UTC 2025","StudioCMSDevAppsSchema Tests","Schema Validation Tests","",""
"","1","TimeStringSchema invalid format test case #3","studiocms Package Tests","Tue Dec 09 02:22:54 UTC 2025","passed","Tue Dec 09 02:22:54 UTC 2025","TimeStringSchema tests","Config Schemas tests (SDK)","",""
"","0","firstUpperCase('hello world') should return 'Hello world'","@studiocms/wysiwyg Package Tests","Tue Dec 09 02:23:09 UTC 2025","passed","Tue Dec 09 02:23:09 UTC 2025","firstUpperCase Function Tests","Utils Tests","",""
"","7","nodeNamespaceBuiltinsAstro integration existence","studiocms Package Tests","Tue Dec 09 02:23:22 UTC 2025","passed","Tue Dec 09 02:23:22 UTC 2025","nodeNamespaceBuiltinsAstro tests","Integrations tests (Node Namespace Built-ins)","",""
"","1","generateHostContent returns empty string for host: example.com","studiocms Package Tests","Tue Dec 09 02:22:42 UTC 2025","passed","Tue Dec 09 02:22:42 UTC 2025","generateHostContent tests","Robots Core Utils","",""
"throws error if comp is empty string","0","rendererComponentFilter - throws error if comp is empty string","@withstudiocms/internal_helpers Package Tests","Tue Dec 09 02:22:33 UTC 2025","passed","Tue Dec 09 02:22:33 UTC 2025","rendererComponentFilter - throws error if comp is empty string","Utility Functions","",""
"","4","OpenClosedSchema should validate value: ""open""","@studiocms/devapps Package Tests","Tue Dec 09 02:22:32 UTC 2025","passed","Tue Dec 09 02:22:32 UTC 2025","OpenClosedSchema Tests","WordPress API Schema Tests","",""
"","7","sitemap-index.xml template generates valid XML","studiocms Package Tests","Tue Dec 09 02:22:58 UTC 2025","passed","Tue Dec 09 02:22:58 UTC 2025","template tests","Dynamic Sitemap - sitemap-index.xml","",""
"","0","TemplateEngine - Should extract variable names from template","@withstudiocms/template-lang Package Tests","Tue Dec 09 02:22:31 UTC 2025","passed","Tue Dec 09 02:22:31 UTC 2025","TemplateEngine - Should extract variable names from template","TemplateEngine Tests","",""
"","0","TemplateRenderer - Boolean conversion to string","@withstudiocms/template-lang Package Tests","Tue Dec 09 02:22:31 UTC 2025","passed","Tue Dec 09 02:22:31 UTC 2025","TemplateRenderer - Boolean conversion to string","TemplateRenderer Tests","",""
"","0","HeadConfigSchema - hasTag detects existing title and meta","@withstudiocms/internal_helpers Package Tests","Tue Dec 09 02:22:39 UTC 2025","passed","Tue Dec 09 02:22:39 UTC 2025","HeadConfigSchema - hasTag detects existing title and meta","HeadConfigSchema Tests","",""
"","1","quoteIdent correctly quotes identifier for postgres","@withstudiocms/kysely Package Tests","Tue Dec 09 02:22:48 UTC 2025","passed","Tue Dec 09 02:22:48 UTC 2025","quoteIdent Utility","Trigger Utilities","",""
"","0","decodeXML with input: foo &amp; bar","@withstudiocms/component-registry Package Tests","Tue Dec 09 02:22:47 UTC 2025","passed","Tue Dec 09 02:22:47 UTC 2025","decodeXML Tests","Component Proxy Tests","",""
"","3","SMTPService - SMTPTransportConfig Should Create Live Layer","@withstudiocms/effect Package Tests","Tue Dec 09 02:22:38 UTC 2025","passed","Tue Dec 09 02:22:38 UTC 2025","SMTPTransportConfig Tests","SMTP Service Tests","",""
"","20","getUserPermissions test case #3","studiocms Package Tests","Tue Dec 09 02:22:51 UTC 2025","passed","Tue Dec 09 02:22:51 UTC 2025","getUserPermissions tests","Middleware Utils tests","",""
"","2","decode-data-xml - xmlDecodeTree structure","@withstudiocms/component-registry Package Tests","Tue Dec 09 02:23:27 UTC 2025","passed","Tue Dec 09 02:23:27 UTC 2025","decode-data-xml Tests","Component Proxy Tests","",""
"","4","Components Container tests - Code component","studiocms Package Tests","Tue Dec 09 02:23:13 UTC 2025","passed","Tue Dec 09 02:23:13 UTC 2025","Components Container tests - Code component","Components Container tests","",""
"","1","useTranslations returns correct translation for key ""nonexistent""","studiocms Package Tests","Tue Dec 09 02:22:59 UTC 2025","passed","Tue Dec 09 02:22:59 UTC 2025","useTranslations tests","i18n Server Virtuals tests","",""
"","1","StudioCMSRoutes.authLinks.logoutURL should be defined","studiocms Package Tests","Tue Dec 09 02:23:00 UTC 2025","passed","Tue Dec 09 02:23:00 UTC 2025","StudioCMSRoutes.authLinks.logoutURL test","Route Map Virtual tests","",""
"","0","isFaviconExt should return true for valid extension","@studiocms/blog Package Tests","Tue Dec 09 02:22:53 UTC 2025","passed","Tue Dec 09 02:22:53 UTC 2025","isFaviconExt Function Tests","Type Definitions Tests","",""
"","0","getHeroImage('undefined', Astro) should return 'https://images.unsplash.com/photo-1707343843982-f8275f3994c5?q=80&w=1032&auto=format&fit=crop&ixlib=rb-4.0.3&ixid=M3wxMjA3fDF8MHxwaG90by1wYWdlfHx8fGVufDB8fHx8fA%3D%3D'","@studiocms/blog Package Tests","Tue Dec 09 02:23:09 UTC 2025","passed","Tue Dec 09 02:23:09 UTC 2025","getHeroImage Tests","Component Helper Tests","",""
"","1","should accept valid favicon extension: /favicon.jpg","@studiocms/blog Package Tests","Tue Dec 09 02:22:53 UTC 2025","passed","Tue Dec 09 02:22:53 UTC 2025","FrontEndConfigSchema Favicon Tests","Type Definitions Tests","",""
"","2","Response Helpers - createHtmlResponse","@withstudiocms/effect Package Tests","Tue Dec 09 02:22:42 UTC 2025","passed","Tue Dec 09 02:22:42 UTC 2025","createHtmlResponse Tests","Response Helpers Tests","",""
"","0","Utility - convertHyphensToUnderscores converts ""-hello-world-"" to ""_hello_world_""","@withstudiocms/component-registry Package Tests","Tue Dec 09 02:22:37 UTC 2025","passed","Tue Dec 09 02:22:37 UTC 2025","convertHyphensToUnderscores Tests","Utility Tests","",""
"","3","Editor with undefined content","@studiocms/markdoc Package Tests","Tue Dec 09 02:23:03 UTC 2025","passed","Tue Dec 09 02:23:03 UTC 2025","Editor Component Tests","Editor Component Tests","",""
"","0","Libravatar Utils - sanitizedTarget","@withstudiocms/auth-kit Package Tests","Tue Dec 09 02:22:44 UTC 2025","passed","Tue Dec 09 02:22:44 UTC 2025","sanitizedTarget Tests","Libravatar Utility Tests","",""
"","1","VirtualModuleBuilder - dynamicWithAstroVirtual combines dynamic and astro exports","studiocms Package Tests","Tue Dec 09 02:22:49 UTC 2025","passed","Tue Dec 09 02:22:49 UTC 2025","VirtualModuleBuilder - dynamicWithAstroVirtual test","Virtual Module Utils tests","",""
"","1","Password Utility - constantTimeEqual - should return false for inputs ""abc"" and ""def""","@withstudiocms/auth-kit Package Tests","Tue Dec 09 02:22:57 UTC 2025","passed","Tue Dec 09 02:22:57 UTC 2025","constantTimeEqual Tests","Password Utility Tests","",""
"","0","Zod Utils - parseAndMerge Tests","@withstudiocms/config-utils Package Tests","Tue Dec 09 02:23:00 UTC 2025","passed","Tue Dec 09 02:23:00 UTC 2025","parseAndMerge Test Set","Zod Utility Tests","",""
"","5","Plugin Creation - Validates Plugin Structure and Options","@studiocms/markdoc Package Tests","Tue Dec 09 02:23:14 UTC 2025","passed","Tue Dec 09 02:23:14 UTC 2025","Plugin Creation Tests","studiocmsMarkDoc Plugin Tests","",""
"","0","getBlogRoute('foo/bar/baz') should return '/blog/foo/bar/baz'","@studiocms/blog Package Tests","Tue Dec 09 02:23:13 UTC 2025","passed","Tue Dec 09 02:23:13 UTC 2025","getBlogRoute Tests","remapFilter Utility Tests","",""
"","1","warn logs when verbose is false","@withstudiocms/internal_helpers Package Tests","Tue Dec 09 02:22:30 UTC 2025","passed","Tue Dec 09 02:22:30 UTC 2025","integrationLogger - warn method","Astro Integration Utility Tests","",""
"","0","ImportPostsEndpointConfig - should create config with useBlogPkg: true","@studiocms/devapps Package Tests","Tue Dec 09 02:22:39 UTC 2025","passed","Tue Dec 09 02:22:39 UTC 2025","ImportPostsEndpointConfig Tests","WordPress API Config Tests","",""
"","10","getUserPermissions test case #4","studiocms Package Tests","Tue Dec 09 02:22:51 UTC 2025","passed","Tue Dec 09 02:22:51 UTC 2025","getUserPermissions tests","Middleware Utils tests","",""
"","0","TemplateEngine - Should handle multiple variables","@withstudiocms/template-lang Package Tests","Tue Dec 09 02:22:31 UTC 2025","passed","Tue Dec 09 02:22:31 UTC 2025","TemplateEngine - Should handle multiple variables","TemplateEngine Tests","",""
